#io generator
#numio=1779 maxtracks=91 lambda=8.200000
1 42
6 67
8 15
11 5
16 43
22 35
23 42
27 40
30 66
35 87
36 31
40 27
44 70
46 88
51 75
57 54
58 71
59 45
61 14
68 81
73 61
76 75
78 28
85 38
87 19
88 8
94 71
105 47
108 54
109 85
113 66
114 43
120 34
121 70
123 5
124 16
127 82
128 70
129 43
132 18
133 19
134 21
138 64
140 40
142 10
143 89
144 10
146 65
151 89
152 6
154 34
155 40
159 85
160 32
161 57
165 74
166 37
173 75
174 38
181 5
183 46
190 58
200 1
201 43
204 13
205 81
209 23
210 41
211 48
213 16
218 5
220 72
221 60
222 90
224 8
233 57
234 30
235 47
237 30
238 10
242 69
244 4
246 65
247 70
251 28
252 70
257 20
260 24
262 76
263 3
264 45
266 63
270 71
271 53
272 48
274 10
278 57
280 86
283 46
285 66
294 77
298 26
299 16
303 90
308 54
312 32
317 72
318 11
320 87
326 37
327 57
333 58
335 56
342 39
343 24
345 13
346 67
350 85
353 67
355 77
356 47
372 57
373 37
374 62
385 27
386 84
389 63
390 76
391 53
392 62
393 65
394 23
396 74
399 27
400 0
412 53
424 26
431 83
433 10
434 42
436 19
442 53
445 28
450 3
452 43
457 77
460 9
461 3
462 48
463 29
470 39
471 50
473 66
481 8
486 61
491 15
492 84
495 90
499 54
502 80
505 27
507 72
508 15
510 43
514 14
518 23
524 35
526 25
533 10
543 50
547 79
550 55
551 37
552 46
554 66
556 24
557 48
558 26
564 35
570 18
572 1
573 48
574 7
583 23
586 52
587 9
598 83
600 46
602 66
603 17
621 66
623 48
628 41
629 68
631 7
634 5
636 81
637 64
642 43
643 12
645 38
652 65
658 41
664 83
665 40
666 81
670 7
672 79
677 56
678 67
680 70
683 3
689 24
690 88
691 36
694 33
699 54
702 31
703 56
704 16
705 72
706 6
711 66
713 58
714 64
716 61
718 11
720 19
721 40
725 70
726 80
727 76
737 69
751 8
752 14
760 21
764 54
766 48
767 64
770 41
776 87
779 65
782 21
784 20
789 30
791 56
794 64
796 80
798 73
801 24
802 22
803 71
811 8
826 18
838 64
845 20
846 14
847 32
851 11
852 51
856 88
857 45
861 15
864 22
865 16
866 25
868 45
870 90
871 77
873 13
874 7
875 30
881 82
887 32
889 61
891 28
897 86
898 87
899 71
909 5
912 55
913 32
916 55
921 77
928 41
930 56
942 88
944 86
945 45
948 23
949 44
954 34
956 29
959 38
966 54
970 30
976 39
977 7
979 31
981 64
983 71
984 76
991 64
992 54
1001 74
1003 56
1004 5
1009 13
1013 20
1014 66
1017 9
1019 19
1026 57
1028 11
1031 61
1032 71
1034 15
1036 71
1039 72
1042 87
1048 72
1049 9
1053 83
1057 53
1058 73
1066 0
1075 54
1078 25
1079 46
1085 57
1087 53
1088 26
1089 65
1090 80
1097 12
1106 17
1111 51
1112 14
1113 68
1114 5
1118 52
1125 43
1127 81
1128 83
1130 44
1131 39
1132 70
1133 34
1141 32
1148 15
1150 27
1151 76
1153 6
1156 9
1158 40
1160 38
1165 45
1166 69
1168 73
1170 24
1172 43
1173 21
1177 68
1178 75
1185 31
1186 89
1191 76
1193 26
1196 5
1197 10
1201 78
1207 90
1209 39
1213 0
1218 7
1222 57
1223 41
1224 35
1228 67
1229 61
1231 84
1240 29
1256 26
1257 75
1258 74
1259 51
1260 69
1261 32
1263 44
1265 33
1268 9
1271 10
1277 41
1278 52
1279 49
1280 38
1284 74
1299 16
1300 68
1301 8
1305 66
1307 84
1321 28
1324 38
1328 29
1329 30
1335 45
1338 40
1343 16
1346 38
1351 44
1353 55
1359 63
1363 38
1364 56
1365 68
1371 12
1377 89
1378 34
1379 36
1384 6
1388 67
1389 61
1390 27
1396 7
1399 62
1402 11
1403 49
1408 28
1411 3
1413 48
1415 89
1422 43
1425 20
1426 81
1428 90
1436 14
1437 79
1439 0
1442 36
1445 50
1448 32
1450 86
1452 1
1456 24
1457 65
1463 34
1468 49
1469 68
1473 32
1474 71
1475 0
1477 81
1479 14
1483 51
1484 52
1485 39
1487 15
1490 4
1495 56
1496 82
1497 87
1500 54
1502 47
1504 64
1506 72
1507 32
1509 76
1516 84
1518 8
1527 57
1537 54
1542 10
1543 69
1546 88
1550 51
1563 7
1566 54
1571 2
1573 80
1575 14
1578 59
1579 57
1582 39
1584 77
1585 60
1586 18
1587 70
1588 25
1589 9
1591 13
1592 14
1594 64
1595 28
1598 90
1599 80
1601 16
1605 52
1606 30
1610 9
1615 5
1617 87
1619 26
1635 27
1636 32
1638 14
1639 60
1644 50
1649 6
1651 63
1653 90
1654 9
1659 44
1662 77
1665 76
1673 28
1674 11
1675 86
1676 0
1680 60
1681 65
1685 80
1695 39
1700 2
1705 89
1711 31
1714 69
1716 65
1717 59
1721 77
1724 16
1728 23
1734 8
1739 28
1743 5
1745 55
1753 52
1757 54
1763 74
1764 22
1765 25
1777 60
1780 71
1781 42
1789 28
1792 13
1796 90
1798 57
1801 26
1806 27
1808 74
1809 16
1812 20
1813 83
1818 35
1822 20
1833 40
1839 89
1849 50
1853 5
1857 8
1863 11
1865 86
1868 69
1869 90
1874 83
1877 27
1881 90
1882 75
1883 30
1887 39
1892 78
1894 62
1900 32
1904 75
1905 5
1906 39
1910 16
1911 22
1913 9
1915 80
1916 41
1921 73
1922 12
1925 2
1934 27
1937 82
1939 45
1942 13
1944 52
1945 29
1947 45
1949 63
1951 25
1953 88
1956 41
1960 2
1964 83
1966 85
1970 60
1971 14
1974 58
1977 82
1979 65
1986 32
1993 25
2002 36
2018 17
2027 12
2030 82
2032 51
2035 2
2038 40
2045 84
2046 14
2051 13
2053 16
2054 43
2055 31
2060 47
2061 6
2062 44
2066 35
2069 33
2077 0
2078 62
2086 4
2088 10
2092 90
2093 34
2097 78
2099 12
2102 14
2103 74
2105 87
2107 4
2110 89
2113 36
2116 67
2118 76
2121 52
2122 74
2126 29
2130 21
2133 90
2135 57
2136 72
2138 11
2139 55
2142 44
2143 66
2144 2
2147 60
2148 21
2150 26
2155 9
2156 51
2157 12
2160 46
2161 48
2163 89
2166 29
2167 7
2176 10
2181 77
2182 7
2185 58
2187 67
2188 14
2192 73
2194 29
2197 8
2198 28
2200 49
2201 63
2202 40
2207 62
2208 66
2214 61
2218 57
2219 88
2220 36
2226 23
2229 41
2231 39
2233 4
2236 55
2237 14
2239 8
2241 5
2251 32
2252 64
2254 81
2255 46
2256 86
2258 30
2262 71
2264 31
2268 38
2276 12
2280 10
2283 83
2287 74
2293 13
2295 36
2297 59
2298 7
2300 87
2301 74
2303 77
2305 41
2306 53
2308 31
2309 14
2315 50
2316 48
2324 57
2327 23
2328 62
2329 86
2331 71
2334 74
2335 61
2337 75
2344 7
2345 2
2348 69
2354 87
2357 26
2358 57
2364 15
2369 18
2370 52
2372 41
2373 20
2374 54
2377 82
2378 58
2388 77
2391 62
2393 65
2397 48
2400 44
2404 15
2407 31
2415 77
2417 46
2418 71
2423 48
2427 17
2429 9
2431 15
2432 77
2436 1
2438 53
2440 23
2441 39
2445 17
2447 70
2449 86
2451 40
2452 35
2454 56
2460 67
2464 54
2471 55
2473 47
2477 23
2479 19
2480 62
2482 70
2484 37
2485 54
2494 73
2495 40
2498 25
2504 33
2505 28
2507 12
2511 74
2513 7
2518 76
2520 50
2524 15
2525 44
2527 62
2529 44
2535 85
2540 18
2544 51
2549 70
2550 65
2552 67
2553 62
2555 16
2556 44
2557 88
2559 48
2561 69
2562 54
2564 59
2567 39
2572 66
2574 15
2578 24
2584 16
2592 46
2593 15
2596 34
2598 15
2603 48
2604 43
2605 56
2611 16
2612 30
2613 21
2614 81
2615 14
2617 10
2619 81
2620 25
2624 46
2625 77
2627 39
2632 81
2640 43
2644 12
2648 10
2650 5
2658 38
2659 10
2661 86
2665 46
2667 11
2668 6
2671 83
2678 13
2682 75
2684 21
2687 70
2693 75
2694 22
2700 17
2701 12
2710 63
2711 69
2712 2
2715 34
2716 19
2719 75
2720 76
2722 25
2737 45
2742 31
2743 68
2745 73
2750 53
2753 67
2754 17
2756 26
2757 72
2759 22
2761 6
2762 7
2765 41
2767 73
2769 27
2770 31
2777 10
2781 61
2786 29
2787 55
2789 21
2795 78
2797 8
2800 4
2805 75
2807 18
2811 12
2813 74
2814 63
2817 75
2822 12
2823 47
2824 56
2825 22
2830 40
2831 49
2832 75
2833 34
2835 87
2837 75
2840 66
2841 50
2843 1
2844 79
2845 80
2846 68
2847 76
2868 34
2873 75
2874 33
2876 67
2879 27
2882 31
2883 7
2887 57
2892 72
2897 29
2899 22
2920 64
2926 90
2933 1
2936 28
2938 38
2947 11
2948 9
2950 45
2951 33
2964 49
2968 21
2971 81
2972 73
2974 90
2976 45
2980 61
2982 79
2984 70
2987 33
2991 8
2994 83
2995 81
3001 78
3004 13
3006 57
3007 6
3008 56
3010 39
3011 35
3018 10
3022 69
3026 10
3027 16
3033 54
3039 74
3045 73
3048 71
3050 79
3051 16
3052 56
3057 10
3058 39
3060 43
3071 32
3076 43
3096 42
3097 74
3098 17
3100 16
3103 38
3105 83
3108 6
3110 51
3112 55
3113 5
3115 59
3116 52
3120 61
3125 26
3128 31
3131 44
3134 78
3140 54
3141 45
3142 13
3144 4
3147 67
3149 28
3152 33
3155 30
3160 29
3161 64
3175 61
3177 60
3179 19
3182 64
3184 75
3187 48
3188 77
3194 31
3197 73
3204 83
3205 42
3209 0
3218 67
3222 72
3223 30
3227 16
3231 36
3232 31
3237 28
3239 71
3240 26
3242 53
3244 81
3247 78
3252 48
3254 80
3271 83
3276 16
3278 53
3282 8
3284 61
3285 13
3286 47
3288 68
3293 65
3294 0
3299 90
3301 69
3303 61
3308 77
3312 49
3313 90
3314 48
3316 3
3323 64
3324 42
3325 23
3327 55
3330 11
3333 68
3336 37
3339 71
3340 60
3347 21
3348 20
3350 82
3354 55
3359 44
3360 77
3361 82
3362 45
3364 88
3371 56
3374 32
3375 47
3376 76
3377 6
3378 69
3388 61
3390 47
3392 64
3397 38
3400 79
3402 88
3410 0
3414 62
3415 20
3419 6
3420 17
3424 86
3425 72
3427 47
3428 13
3441 47
3444 35
3448 65
3449 90
3452 42
3456 32
3460 5
3462 58
3473 76
3477 71
3480 54
3481 21
3492 50
3493 8
3495 77
3498 5
3501 16
3507 5
3515 58
3517 7
3519 45
3520 38
3523 26
3525 9
3529 43
3530 11
3533 41
3534 47
3539 56
3540 83
3542 34
3544 27
3545 17
3549 74
3551 8
3556 58
3560 15
3562 5
3566 69
3571 25
3573 14
3574 12
3576 85
3579 45
3580 62
3584 21
3590 10
3598 65
3600 71
3601 61
3602 47
3605 34
3609 75
3614 83
3618 72
3620 69
3622 16
3633 44
3634 26
3635 47
3639 77
3645 81
3647 23
3650 25
3652 79
3653 12
3663 34
3672 70
3675 6
3678 83
3679 32
3681 77
3683 64
3685 42
3687 51
3690 21
3694 39
3695 41
3697 83
3698 56
3699 36
3700 13
3701 90
3703 14
3704 82
3707 23
3708 40
3714 88
3715 60
3716 28
3720 70
3721 43
3724 78
3736 25
3737 27
3738 88
3739 46
3740 82
3741 16
3747 57
3753 65
3755 51
3760 60
3765 59
3766 31
3773 40
3774 20
3781 58
3783 82
3790 14
3791 36
3795 53
3798 19
3800 84
3805 20
3814 70
3819 76
3820 88
3824 83
3826 10
3828 69
3832 43
3835 87
3841 9
3844 62
3845 82
3847 12
3851 40
3852 72
3854 59
3858 38
3859 49
3860 1
3861 11
3865 29
3867 64
3872 68
3874 31
3875 51
3876 89
3878 73
3880 64
3890 27
3891 4
3895 46
3897 14
3898 40
3899 88
3900 66
3903 65
3907 3
3908 68
3912 13
3913 8
3914 39
3915 75
3916 19
3917 53
3918 89
3921 72
3922 21
3925 52
3927 45
3928 30
3929 57
3930 29
3933 22
3935 16
3937 39
3939 77
3943 23
3946 0
3951 69
3956 32
3959 76
3962 88
3963 76
3968 37
3971 26
3973 6
3974 79
3978 31
3986 1
3988 73
3992 42
3996 61
4001 16
4002 7
4007 44
4009 63
4012 73
4016 54
4017 80
4025 58
4034 72
4049 84
4053 54
4056 5
4062 38
4065 70
4067 23
4072 42
4075 39
4076 21
4084 8
4085 43
4095 70
4097 85
4098 49
4101 37
4102 50
4104 73
4109 15
4112 58
4116 15
4120 28
4121 70
4122 79
4123 58
4127 29
4128 5
4129 77
4131 43
4134 50
4135 32
4136 38
4140 14
4152 88
4154 36
4157 86
4169 30
4175 74
4177 89
4180 41
4181 85
4182 26
4183 77
4184 88
4185 15
4187 77
4191 76
4192 69
4194 90
4197 77
4200 18
4205 5
4217 15
4219 25
4221 44
4223 54
4226 73
4229 23
4239 75
4240 49
4243 28
4244 47
4246 14
4248 82
4249 10
4255 38
4261 54
4267 15
4268 73
4272 12
4274 50
4275 54
4276 64
4278 53
4281 63
4284 29
4286 71
4289 65
4292 9
4302 54
4305 80
4308 84
4310 69
4311 17
4312 72
4316 64
4317 85
4321 47
4322 34
4323 71
4330 17
4331 57
4332 20
4333 90
4340 57
4342 63
4345 1
4349 49
4352 29
4353 46
4357 87
4362 3
4364 84
4373 67
4374 54
4380 74
4384 90
4390 34
4393 86
4396 70
4399 40
4407 85
4412 88
4417 47
4422 24
4424 41
4425 49
4426 75
4427 67
4428 5
4431 54
4435 42
4437 40
4438 52
4439 77
4446 90
4450 23
4453 21
4455 19
4456 85
4458 27
4462 5
4463 44
4465 13
4473 85
4474 47
4475 51
4483 55
4484 73
4486 43
4491 29
4494 48
4496 27
4499 6
4503 61
4505 53
4508 82
4509 4
4510 39
4512 66
4514 62
4516 3
4517 14
4518 32
4519 23
4524 5
4526 58
4530 39
4534 30
4536 22
4543 27
4546 58
4549 17
4552 31
4553 69
4555 0
4556 5
4558 7
4559 46
4572 64
4574 48
4582 55
4583 22
4586 69
4596 32
4599 64
4601 42
4605 60
4607 49
4609 51
4611 57
4614 74
4615 23
4619 20
4623 31
4624 75
4625 8
4627 37
4628 32
4648 74
4652 43
4655 30
4658 29
4664 31
4672 3
4676 50
4677 54
4681 11
4688 87
4689 70
4690 55
4691 72
4694 83
4696 9
4701 0
4706 16
4709 17
4716 61
4717 47
4718 55
4719 37
4723 66
4725 54
4729 28
4730 77
4735 57
4738 77
4739 81
4741 62
4751 54
4755 9
4758 69
4762 19
4766 69
4768 84
4769 60
4771 5
4772 84
4774 28
4778 19
4780 64
4786 16
4787 80
4791 20
4802 46
4813 70
4816 25
4818 3
4820 42
4822 17
4824 54
4827 80
4828 89
4834 1
4837 73
4840 88
4843 43
4844 17
4846 42
4849 56
4851 24
4852 41
4857 84
4860 28
4863 29
4869 43
4870 90
4871 28
4876 87
4878 27
4881 80
4885 82
4886 15
4887 72
4889 23
4892 77
4895 33
4906 16
4911 89
4912 34
4913 81
4914 45
4915 79
4916 31
4917 74
4929 6
4934 76
4940 83
4944 26
4950 90
4955 31
4957 16
4959 82
4960 14
4961 72
4963 21
4964 82
4966 81
4967 67
4968 60
4970 51
4974 40
4975 33
4977 86
4980 2
4983 77
4984 43
4989 84
4992 24
4996 70
5000 67
5006 18
5007 13
5009 16
5012 19
5021 15
5023 30
5027 49
5029 45
5031 26
5032 86
5035 22
5040 45
5041 65
5042 17
5043 87
5044 3
5045 18
5049 67
5064 30
5065 72
5070 10
5071 37
5073 36
5078 25
5081 36
5089 64
5090 13
5091 44
5093 0
5094 33
5097 58
5098 7
5106 24
5107 37
5110 8
5114 79
5124 8
5126 34
5127 8
5129 60
5130 90
5132 48
5138 81
5141 24
5151 76
5152 85
5157 32
5161 87
5163 85
5164 31
5167 37
5173 36
5176 82
5178 28
5179 65
5180 31
5182 4
5184 54
5189 2
5191 89
5197 80
5200 78
5201 72
5203 10
5205 34
5207 52
5211 24
5212 31
5214 84
5221 25
5224 89
5229 24
5234 83
5238 77
5242 63
5244 61
5247 4
5248 62
5250 64
5255 35
5258 17
5267 63
5273 88
5279 80
5284 17
5287 70
5302 54
5304 62
5305 24
5308 44
5316 30
5317 43
5322 77
5326 84
5327 66
5333 22
5335 69
5336 32
5338 39
5346 12
5347 51
5348 14
5349 44
5350 86
5353 29
5357 86
5358 57
5363 65
5364 71
5372 88
5374 36
5375 8
5379 27
5388 43
5390 48
5397 73
5399 31
5403 71
5405 10
5406 45
5409 33
5412 53
5413 73
5414 60
5415 13
5418 85
5419 47
5420 72
5421 20
5426 30
5427 76
5431 65
5436 79
5441 53
5445 23
5446 24
5452 40
5454 5
5456 12
5458 11
5460 39
5461 72
5462 29
5464 61
5472 35
5473 1
5478 7
5479 24
5480 28
5483 2
5484 77
5486 46
5487 69
5493 20
5498 35
5500 90
5509 21
5517 32
5519 88
5521 82
5524 70
5525 12
5527 40
5530 63
5534 54
5535 28
5536 90
5537 78
5538 8
5541 66
5542 57
5543 5
5544 68
5545 38
5547 16
5548 71
5549 68
5554 48
5559 76
5560 23
5563 62
5565 73
5571 29
5573 10
5575 14
5577 64
5579 27
5585 0
5588 48
5593 88
5602 26
5605 76
5609 79
5612 60
5620 33
5631 51
5637 81
5640 1
5642 79
5644 23
5645 78
5646 54
5649 58
5650 59
5652 66
5653 41
5655 23
5657 10
5659 49
5662 69
5663 52
5664 40
5665 1
5666 71
5671 48
5672 19
5677 83
5682 44
5684 22
