#io generator
#numio=3924 maxtracks=334 lambda=9.000000
1 155
57 249
80 55
89 6
127 21
182 161
242 129
245 36
255 155
297 148
303 237
337 289
419 110
429 273
438 258
444 94
472 325
526 276
534 299
557 113
596 27
603 56
608 119
625 224
629 314
688 292
717 254
763 2
765 218
774 309
788 179
794 30
812 29
877 263
988 173
991 256
1014 125
1085 270
1119 144
1136 299
1148 127
1186 17
1190 202
1191 83
1198 124
1203 229
1264 130
1302 139
1318 233
1323 155
1329 112
1335 274
1367 56
1392 147
1415 37
1425 326
1442 37
1468 240
1470 297
1571 155
1572 223
1584 152
1599 265
1670 48
1683 120
1693 212
1698 15
1740 271
1757 136
1824 276
1836 140
1909 19
1937 172
2013 214
2116 5
2125 119
2141 252
2145 137
2204 50
2247 87
2264 151
2279 177
2286 86
2314 62
2363 19
2387 264
2403 222
2418 331
2442 32
2537 211
2550 110
2552 54
2569 173
2570 211
2580 107
2583 262
2620 217
2621 8
2649 238
2655 174
2693 274
2702 84
2719 257
2726 34
2777 73
2811 90
2831 281
2845 11
2856 165
2884 232
2928 262
2945 195
2959 176
2983 36
2990 275
3015 5
3041 317
3049 44
3081 171
3088 195
3122 325
3172 95
3215 96
3225 59
3264 330
3317 201
3355 119
3360 71
3415 267
3425 42
3450 320
3453 91
3514 136
3527 209
3593 214
3599 219
3623 22
3696 145
3707 88
3731 47
3738 162
3773 10
3821 312
3828 243
3862 190
3912 121
3931 333
3957 145
3970 14
3971 110
4000 91
4110 101
4120 310
4154 233
4159 117
4206 148
4253 196
4269 228
4288 240
4301 87
4309 89
4334 272
4342 87
4349 225
4358 104
4477 195
4596 97
4663 306
4688 36
4700 157
4721 73
4722 10
4782 195
4817 105
4865 13
4887 157
4937 283
4971 35
4990 13
5004 176
5022 107
5091 145
5102 186
5122 245
5124 318
5126 44
5176 225
5231 57
5250 308
5286 331
5325 201
5358 296
5361 256
5370 218
5411 104
5415 40
5422 203
5438 268
5442 69
5488 86
5492 308
5504 6
5527 92
5532 39
5537 316
5540 328
5560 281
5612 226
5636 58
5646 136
5663 169
5682 244
5685 0
5704 91
5710 124
5729 125
5738 308
5751 298
5756 196
5769 178
5772 129
5774 323
5781 256
5803 144
5805 329
5870 203
5888 218
5921 173
5926 333
5959 188
5978 34
6028 152
6045 251
6072 28
6109 20
6134 297
6149 236
6199 235
6215 146
6218 193
6232 20
6237 314
6269 305
6284 303
6346 62
6362 148
6370 110
6429 264
6431 186
6485 283
6510 167
6544 23
6550 200
6588 229
6589 305
6596 155
6690 150
6703 230
6714 288
6737 92
6738 22
6771 115
6784 207
6787 160
6792 5
6802 266
6820 22
6872 242
6900 214
6913 236
6933 226
6937 176
6940 193
6946 165
6961 272
6999 166
7054 164
7101 93
7104 327
7141 97
7285 29
7287 171
7291 318
7298 276
7321 218
7340 50
7350 237
7379 154
7387 300
7467 245
7499 243
7505 200
7511 25
7566 112
7567 214
7592 17
7625 238
7646 296
7674 269
7706 88
7721 84
7734 264
7818 32
7825 84
7976 69
8095 238
8166 74
8175 53
8184 64
8201 119
8247 40
8260 189
8306 326
8321 168
8360 57
8397 81
8411 61
8423 94
8431 213
8439 165
8464 331
8478 284
8487 197
8491 167
8493 170
8503 69
8568 301
8569 299
8580 183
8609 177
8618 308
8697 167
8778 112
8817 81
8914 20
8948 202
8949 57
8964 120
9001 204
9052 284
9055 66
9056 14
9058 34
9131 154
9158 207
9283 324
9303 315
9319 168
9327 86
9362 107
9379 289
9391 219
9401 245
9415 312
9438 90
9439 265
9449 33
9507 145
9508 119
9510 221
9521 19
9527 98
9546 238
9568 263
9583 280
9586 315
9617 162
9640 10
9646 7
9734 274
9742 8
9766 207
9769 171
9770 56
9823 48
9869 74
9874 13
9892 245
9928 33
9947 71
10019 212
10023 215
10026 254
10055 115
10094 215
10098 25
10126 261
10157 265
10166 252
10250 56
10309 265
10321 34
10367 304
10414 197
10425 268
10503 0
10590 199
10593 243
10601 156
10619 307
10645 196
10667 140
10675 127
10707 13
10717 295
10790 46
10798 14
10891 63
10946 188
10951 81
10962 51
10969 111
11005 123
11006 9
11053 191
11129 158
11133 178
11191 149
11255 204
11272 87
11289 143
11302 258
11318 124
11404 118
11475 55
11498 102
11507 281
11533 24
11539 235
11541 17
11549 16
11568 147
11590 141
11646 167
11658 255
11677 270
11681 102
11689 179
11697 212
11713 145
11719 261
11755 26
11769 277
11777 42
11845 115
11858 326
11911 282
11932 98
11966 21
11976 37
12021 287
12087 331
12091 68
12110 146
12158 2
12211 26
12251 210
12255 71
12270 151
12280 130
12321 249
12332 223
12355 311
12442 109
12599 99
12614 276
12618 121
12662 108
12683 117
12720 138
12731 213
12748 50
12756 218
12767 243
12769 235
12772 302
12787 163
12809 15
12823 181
12835 140
12882 271
12889 333
12894 22
12904 250
12918 29
12922 260
12955 219
13024 332
13033 98
13066 140
13114 108
13129 111
13189 166
13225 148
13278 58
13286 229
13300 93
13351 163
13375 205
13437 231
13475 140
13489 208
13502 249
13567 46
13571 307
13680 164
13692 106
13705 291
13707 280
13742 84
13745 144
13774 135
13783 55
13845 26
13876 230
13914 41
13917 131
13937 291
13946 227
13947 78
13975 177
13999 329
14067 160
14068 257
14074 105
14132 220
14253 100
14336 52
14345 291
14351 5
14372 2
14375 228
14388 227
14409 238
14420 198
14496 9
14499 185
14500 12
14502 275
14509 130
14542 309
14554 7
14610 180
14620 253
14658 117
14667 260
14684 1
14689 57
14710 299
14729 51
14776 187
14784 132
14806 113
14820 217
14824 233
14825 296
14850 142
14911 171
14998 81
15006 247
15029 197
15048 29
15071 235
15078 51
15101 265
15110 148
15121 197
15168 311
15237 92
15259 32
15354 210
15459 200
15460 297
15463 7
15466 128
15503 243
15598 96
15641 189
15773 25
15806 198
15859 10
15860 77
15885 293
15889 185
15893 251
15920 43
15932 212
15966 146
15985 282
16001 220
16007 76
16019 68
16037 258
16055 94
16072 35
16076 177
16080 129
16084 8
16104 237
16109 102
16120 103
16150 333
16151 42
16170 297
16193 61
16196 274
16218 109
16228 260
16230 284
16231 200
16312 73
16315 34
16339 95
16342 54
16499 102
16515 120
16539 53
16550 220
16558 295
16578 294
16579 224
16610 214
16790 13
16804 34
16861 162
16892 283
16923 279
17001 105
17004 26
17020 40
17032 317
17049 1
17052 280
17080 133
17113 71
17121 264
17177 328
17191 295
17241 329
17304 114
17334 254
17335 176
17367 122
17394 265
17442 257
17447 267
17454 61
17516 31
17564 104
17608 21
17631 204
17708 192
17709 279
17732 301
17776 171
17783 172
17791 99
17792 331
17820 231
17859 170
17875 322
17884 240
17888 74
17931 333
17950 211
17951 43
17958 4
17989 96
18037 102
18042 224
18086 146
18091 32
18125 76
18127 133
18193 291
18256 129
18303 74
18305 329
18320 308
18430 328
18450 16
18453 267
18454 273
18456 303
18459 94
18481 316
18514 255
18515 153
18643 44
18694 305
18732 101
18780 333
18793 277
18808 111
18852 143
18909 289
18929 230
18996 120
19035 278
19052 21
19065 144
19104 59
19120 82
19124 203
19126 28
19150 294
19162 153
19216 268
19224 108
19227 36
19263 9
19359 99
19391 301
19418 166
19452 48
19473 49
19495 116
19505 19
19528 165
19556 233
19578 93
19600 324
19634 153
19672 10
19711 304
19714 180
19787 38
19833 220
19850 53
19886 214
19919 301
19925 22
19931 93
19959 241
20034 120
20043 76
20116 93
20204 134
20205 333
20210 322
20213 242
20274 84
20295 189
20303 19
20336 8
20367 149
20434 308
20452 51
20457 59
20511 50
20531 62
20543 161
20559 116
20615 173
20625 24
20642 161
20683 131
20717 121
20802 2
20816 230
20819 46
20901 16
20928 38
20935 279
21068 136
21080 60
21120 287
21146 45
21181 54
21198 273
21225 322
21249 14
21280 327
21312 134
21342 248
21361 279
21392 193
21409 272
21455 110
21498 80
21529 331
21550 212
21554 104
21595 216
21598 150
21622 250
21639 105
21672 167
21675 66
21713 220
21729 79
21748 96
21749 287
21751 104
21772 30
21782 44
21815 169
21830 176
21834 192
21933 256
21943 157
21945 18
22039 37
22044 57
22099 283
22105 118
22107 246
22133 52
22156 248
22172 54
22218 271
22227 187
22236 247
22238 158
22247 22
22254 214
22274 109
22304 172
22318 295
22348 107
22382 299
22411 273
22437 106
22532 78
22533 148
22546 299
22553 232
22568 192
22582 182
22583 252
22607 98
22620 52
22645 32
22673 20
22777 120
22789 238
22796 20
22815 298
22827 169
22830 147
22909 176
22919 70
22925 265
22965 222
22975 280
22989 319
22992 274
22995 253
23060 261
23104 301
23108 67
23132 134
23139 49
23148 214
23175 142
23177 203
23258 141
23302 61
23308 203
23356 186
23371 90
23389 196
23391 209
23401 4
23414 54
23477 185
23488 177
23570 210
23599 85
23607 112
23636 120
23711 213
23750 256
23794 0
23806 224
23827 276
23900 25
23913 10
23944 254
23945 39
24012 320
24041 97
24058 211
24124 57
24180 66
24198 191
24219 152
24225 114
24231 11
24241 200
24272 302
24286 215
24392 282
24421 230
24445 241
24487 178
24516 161
24561 58
24564 250
24575 2
24652 286
24674 170
24683 263
24732 178
24777 65
24780 176
24782 189
24786 28
24799 285
24837 6
24859 195
24879 87
24880 126
24894 62
24897 261
24902 27
24928 257
24951 318
24972 148
24989 129
25015 208
25079 248
25084 30
25130 201
25204 202
25229 174
25234 59
25273 87
25294 73
25309 229
25335 257
25361 137
25372 199
25467 268
25469 120
25484 238
25492 63
25552 123
25570 105
25595 44
25641 274
25650 206
25652 289
25699 177
25719 281
25723 108
25740 195
25769 28
25790 164
25794 308
25865 295
25870 42
25910 190
25914 99
25970 260
25984 241
26007 247
26017 229
26041 60
26047 54
26059 163
26077 325
26081 197
26100 222
26137 152
26160 216
26187 244
26201 76
26256 245
26259 221
26263 279
26270 303
26275 317
26293 120
26297 227
26309 186
26313 297
26332 115
26349 21
26356 174
26380 298
26385 116
26395 135
26401 22
26419 298
26425 119
26429 47
26448 37
26475 298
26483 113
26491 279
26509 55
26520 285
26547 144
26598 298
26677 160
26717 44
26762 40
26782 20
26787 19
26867 140
26880 39
26901 317
26907 74
26955 169
26976 40
26986 23
26994 238
27060 312
27064 262
27109 33
27117 206
27123 32
27157 257
27161 309
27206 38
27217 81
27223 304
27228 153
27231 13
27320 231
27324 105
27361 149
27390 128
27394 157
27400 91
27434 278
27452 280
27473 92
27624 166
27626 37
27674 116
27684 253
27704 268
27761 194
27799 195
27834 29
27845 64
27848 11
27870 97
27888 264
27909 83
27934 23
27936 65
27947 28
27977 151
27982 180
28024 99
28035 115
28040 311
28043 259
28072 69
28075 290
28085 53
28100 205
28128 80
28133 306
28185 83
28186 200
28188 253
28189 95
28198 286
28243 200
28249 57
28289 47
28297 189
28341 167
28371 230
28416 285
28419 147
28438 126
28463 147
28470 290
28485 102
28501 179
28502 175
28547 122
28559 218
28645 197
28690 252
28724 40
28734 183
28759 5
28766 149
28818 125
28874 132
28910 169
28957 333
28969 95
28978 283
29023 124
29035 217
29069 252
29078 235
29089 43
29104 26
29111 261
29136 291
29177 289
29186 223
29193 68
29194 333
29226 301
29436 30
29441 102
29514 5
29543 104
29571 140
29572 324
29575 139
29577 196
29594 117
29605 41
29611 55
29737 181
29783 79
29818 300
29825 154
29867 79
29887 331
29907 165
29913 270
29942 216
29996 215
30034 98
30069 121
30109 32
30143 306
30153 300
30215 289
30249 48
30273 211
30285 25
30299 207
30324 143
30328 42
30342 130
30412 37
30413 271
30449 272
30452 168
30457 301
30480 304
30524 308
30566 243
30606 181
30659 135
30664 86
30681 205
30735 37
30736 15
30743 161
30757 57
30780 159
30892 119
30901 32
30952 157
31154 155
31166 273
31178 64
31198 59
31232 141
31254 305
31283 22
31302 187
31307 192
31331 139
31332 15
31355 220
31374 193
31418 225
31472 96
31501 114
31529 165
31562 289
31563 304
31586 155
31603 172
31607 187
31608 237
31642 207
31651 52
31680 121
31715 113
31771 108
31782 235
31788 332
31817 192
31845 56
31854 178
31860 72
31863 225
31895 218
31939 90
31970 178
31979 284
31983 0
31989 305
31999 34
32006 233
32048 80
32117 268
32181 169
32197 28
32240 2
32249 9
32253 325
32287 266
32328 4
32345 111
32388 62
32393 272
32406 35
32410 169
32421 285
32430 196
32469 39
32487 98
32510 198
32512 199
32569 45
32604 289
32658 179
32686 297
32853 305
32901 61
32903 221
32925 70
32969 31
32990 225
33003 49
33019 176
33046 252
33049 82
33100 239
33103 0
33118 1
33172 332
33200 256
33228 227
33282 284
33321 181
33336 332
33347 178
33367 13
33440 234
33458 156
33469 86
33491 202
33494 101
33529 41
33566 249
33602 139
33639 263
33641 149
33669 313
33675 70
33687 76
33709 304
33748 205
33797 163
33800 107
33848 125
33910 150
33927 71
33932 208
34030 314
34055 246
34066 130
34085 148
34132 65
34144 24
34157 253
34166 327
34194 28
34217 175
34239 238
34287 140
34289 253
34342 196
34435 22
34441 317
34487 229
34498 76
34504 270
34505 136
34510 46
34553 317
34568 265
34593 175
34605 48
34607 34
34737 174
34742 250
34754 261
34787 153
34932 225
34948 278
34959 279
34960 192
34986 42
35095 280
35103 267
35143 235
35166 138
35172 329
35193 111
35195 184
35245 95
35254 83
35255 9
35287 21
35318 60
35377 21
35459 214
35487 28
35512 167
35523 143
35531 19
35562 97
35569 208
35571 273
35588 130
35591 244
35606 50
35621 175
35671 208
35685 307
35711 127
35732 101
35748 63
35790 274
35814 31
35868 214
35909 57
35936 21
35977 254
36032 93
36036 2
36060 53
36075 45
36077 186
36148 241
36221 167
36234 230
36279 77
36288 308
36291 317
36324 95
36348 263
36350 123
36378 121
36396 227
36408 43
36455 277
36463 287
36526 275
36567 212
36604 99
36631 60
36745 163
36758 99
36771 176
36778 45
36821 285
36887 299
36893 199
36900 248
36908 211
36961 40
36977 47
37080 126
37168 260
37202 25
37231 305
37232 55
37242 120
37264 286
37288 238
37316 155
37342 188
37372 78
37416 145
37434 152
37443 213
37508 150
37533 100
37547 133
37556 51
37572 330
37573 180
37577 133
37637 244
37644 170
37659 308
37756 28
37773 222
37783 104
37785 279
37823 137
37839 230
37890 31
38013 93
38030 102
38044 323
38053 168
38071 151
38131 137
38136 53
38202 211
38204 300
38236 191
38257 12
38313 223
38366 219
38368 116
38379 315
38394 113
38400 313
38426 220
38487 315
38491 139
38504 22
38549 194
38555 251
38561 103
38588 310
38643 73
38731 257
38788 280
38802 324
38807 259
38871 211
38874 47
38895 255
38936 160
38967 321
39025 34
39058 229
39065 160
39124 189
39127 277
39142 118
39183 74
39190 213
39217 72
39262 142
39265 154
39285 91
39294 25
39312 5
39313 136
39316 23
39319 270
39329 206
39361 297
39396 180
39406 35
39416 188
39427 327
39433 190
39475 214
39506 90
39511 327
39520 166
39521 272
39539 31
39545 212
39549 120
39564 163
39662 51
39674 243
39704 241
39750 12
39758 62
39776 252
39820 48
39835 31
39845 146
39858 276
39875 70
39885 196
39899 327
39934 265
39948 79
39986 193
40011 167
40019 114
40029 104
40054 174
40064 43
40072 51
40080 246
40087 202
40092 214
40106 224
40155 260
40162 96
40198 2
40200 61
40207 286
40244 290
40255 13
40261 231
40272 281
40278 228
40371 165
40418 83
40424 28
40474 137
40507 97
40509 194
40510 113
40563 278
40574 318
40597 270
40636 155
40640 275
40669 288
40674 173
40676 288
40693 192
40724 247
40767 263
40790 74
40808 297
40817 33
40902 216
40994 265
41140 309
41183 198
41217 199
41218 302
41232 246
41270 201
41277 284
41293 251
41307 56
41324 80
41406 30
41422 159
41524 257
41546 315
41559 183
41593 138
41609 184
41615 50
41616 40
41637 269
41694 58
41695 248
41721 272
41725 271
41734 137
41772 134
41825 82
41837 215
41882 109
41883 124
41884 158
41932 206
41949 20
41986 183
41991 114
42002 24
42020 140
42064 53
42071 330
42163 183
42176 248
42253 92
42377 110
42442 272
42469 328
42474 241
42489 13
42499 313
42501 37
42518 95
42533 282
42544 324
42552 59
42555 169
42559 34
42560 189
42608 1
42656 280
42666 255
42693 331
42728 282
42760 69
42816 20
42820 330
42824 212
42832 209
42849 212
42872 251
42915 244
42922 327
42968 104
42988 227
42997 131
43015 217
43019 58
43045 303
43056 38
43117 141
43124 299
43147 300
43151 75
43163 269
43208 45
43233 186
43245 200
43257 235
43261 24
43281 197
43310 233
43347 106
43371 263
43400 240
43430 35
43534 198
43565 294
43602 311
43609 191
43645 133
43650 106
43690 264
43722 166
43794 261
43812 159
43824 64
43829 48
43847 261
43917 65
43935 210
43944 162
43950 2
43961 330
44034 211
44055 234
44091 6
44135 182
44168 107
44185 171
44232 322
44289 11
44292 183
44358 323
44393 143
44416 15
44480 274
44481 95
44524 333
44588 125
44619 317
44622 239
44660 227
44675 31
44679 321
44750 43
44799 324
44807 295
44826 65
44875 88
44900 150
44909 181
44917 122
44962 29
44973 249
44989 21
45019 199
45058 156
45066 77
45087 148
45092 166
45114 14
45130 283
45198 331
45199 261
45206 224
45212 189
45218 170
45289 14
45312 100
45352 21
45363 162
45391 49
45470 314
45482 172
45494 190
45578 205
45595 271
45615 159
45665 109
45699 177
45720 101
45755 25
45762 264
45790 180
45812 246
45873 22
45886 17
45896 144
45916 242
45936 229
45960 14
45977 54
45996 119
46013 85
46070 18
46091 213
46094 266
46108 268
46118 4
46138 81
46140 314
46149 34
46157 243
46183 2
46216 65
46246 116
46253 65
46271 253
46291 0
46306 19
46328 27
46333 124
46351 331
46383 175
46402 318
46426 159
46433 237
46469 327
46480 256
46512 183
46528 20
46568 220
46589 183
46595 191
46616 220
46641 46
46675 274
46693 84
46736 74
46775 116
46780 129
46825 143
46827 195
46840 150
46851 41
47062 272
47067 263
47083 252
47093 230
47103 300
47114 320
47115 30
47154 184
47164 198
47202 41
47277 319
47295 258
47307 204
47318 267
47319 238
47385 20
47404 35
47453 1
47504 62
47534 63
47536 15
47540 42
47543 310
47572 160
47591 152
47615 157
47628 39
47635 267
47668 202
47691 264
47700 175
47749 283
47774 235
47823 164
47880 183
47909 326
47932 278
47934 243
47971 262
47977 97
47984 271
48021 219
48090 3
48105 221
48129 19
48144 311
48166 103
48205 71
48230 236
48291 60
48303 295
48341 74
48454 168
48567 258
48599 92
48618 13
48646 154
48647 43
48650 222
48655 193
48678 258
48734 126
48848 301
48878 269
48883 28
48913 324
48922 226
48938 99
48953 64
48975 155
49008 206
49011 61
49039 88
49048 111
49063 295
49132 76
49170 104
49176 225
49186 304
49203 173
49372 57
49389 103
49438 322
49462 101
49466 60
49503 293
49544 302
49545 156
49549 123
49590 209
49597 244
49647 9
49648 24
49679 123
49786 62
49842 328
49853 126
49861 70
49871 299
49889 168
49891 94
49903 293
49908 149
49918 120
49962 49
50079 24
50133 282
50135 309
50199 269
50208 301
50331 60
50386 117
50407 59
50428 302
50430 25
50443 51
50454 265
50474 80
50486 304
50487 175
50546 44
50559 249
50565 110
50593 13
50618 188
50660 150
50672 123
50697 315
50705 234
50734 286
50746 159
50803 311
50836 89
50883 260
50924 248
50986 67
51003 48
51022 51
51027 53
51059 72
51147 56
51170 112
51211 182
51235 166
51256 98
51267 317
51305 81
51360 165
51378 241
51386 103
51402 62
51420 319
51430 14
51433 173
51438 276
51472 57
51619 112
51637 264
51692 39
51700 150
51713 215
51726 63
51782 93
51811 134
51895 237
51911 49
51917 143
51934 88
51954 1
51970 122
52005 213
52016 26
52020 52
52104 89
52119 137
52148 30
52191 291
52292 30
52313 127
52315 173
52317 189
52345 105
52484 51
52506 178
52510 16
52569 300
52599 88
52698 279
52712 314
52714 289
52725 262
52807 54
52834 313
52841 71
52851 116
52885 138
52949 135
52982 304
53003 103
53018 239
53029 115
53053 15
53077 198
53132 10
53151 329
53210 296
53248 286
53249 142
53290 102
53316 39
53343 126
53362 191
53401 88
53418 114
53440 310
53441 312
53449 224
53553 296
53561 288
53626 268
53675 273
53705 207
53734 248
53735 157
53736 230
53759 236
53760 42
53768 284
53780 255
53785 323
53815 83
53875 324
53941 295
53991 64
54026 260
54172 200
54195 230
54201 90
54215 89
54250 162
54332 112
54337 9
54353 158
54407 285
54414 24
54458 311
54468 242
54528 83
54552 255
54567 120
54587 146
54672 46
54675 61
54688 187
54703 52
54704 138
54721 79
54736 319
54768 106
54811 317
54823 211
54879 239
54890 263
54976 324
54996 135
55006 32
55054 99
55060 324
55077 216
55096 312
55138 193
55149 98
55193 264
55200 177
55203 20
55220 168
55250 123
55256 19
55260 61
55292 197
55303 270
55317 220
55318 135
55322 231
55394 26
55411 172
55425 264
55435 74
55436 289
55446 35
55457 279
55499 239
55500 287
55554 80
55611 197
55656 85
55669 88
55733 148
55761 20
55764 203
55767 212
55770 190
55784 154
55824 158
55834 41
55856 226
55940 128
55953 5
55960 91
55967 45
56018 28
56030 88
56041 102
56073 7
56084 283
56109 169
56126 254
56128 305
56134 291
56146 184
56306 324
56312 320
56323 210
56419 201
56480 77
56514 257
56523 44
56551 146
56586 231
56628 199
56638 105
56640 29
56653 333
56662 89
56674 288
56682 120
56684 75
56716 242
56721 106
56746 145
56747 134
56783 63
56797 141
56822 61
56825 146
56864 148
56900 288
56919 50
56970 281
56984 84
57015 229
57039 268
57102 109
57121 38
57148 54
57168 236
57189 101
57248 2
57281 177
57286 282
57376 325
57384 242
57431 274
57485 234
57513 99
57593 124
57700 189
57705 299
57764 236
57784 291
57805 84
57820 289
57824 149
57847 228
57873 147
57900 204
57934 126
57949 185
57956 52
57962 185
57965 197
57985 227
58022 146
58044 158
58059 41
58070 3
58082 263
58136 177
58142 157
58148 292
58211 289
58228 215
58235 314
58240 169
58242 139
58243 70
58266 297
58304 13
58320 84
58337 198
58360 167
58451 130
58463 167
58488 284
58520 168
58557 195
58686 136
58732 312
58756 113
58769 81
58772 271
58773 202
58774 177
58779 222
58783 19
58796 224
58825 86
58837 62
58928 60
58942 268
58945 13
58948 50
58949 181
58962 34
58982 177
59045 195
59048 326
59051 112
59077 49
59095 234
59116 58
59128 273
59149 191
59196 178
59232 92
59242 291
59251 160
59263 7
59277 162
59298 318
59311 51
59313 126
59321 142
59335 311
59368 325
59370 37
59410 224
59440 212
59445 147
59508 182
59517 76
59527 205
59528 253
59530 205
59562 167
59599 268
59653 13
59659 301
59674 54
59699 145
59707 247
59713 315
59727 288
59731 290
59769 232
59774 2
59807 174
59832 257
59840 241
59852 331
59858 52
59899 33
59904 10
59931 64
59956 29
59972 125
59981 137
60022 60
60043 224
60125 86
60174 322
60275 125
60297 250
60324 103
60327 217
60346 98
60361 211
60378 159
60404 48
60432 90
60438 46
60464 183
60484 150
60517 37
60520 230
60532 325
60559 117
60570 81
60572 2
60592 80
60619 28
60638 35
60670 7
60692 119
60696 86
60721 133
60734 92
60810 316
60843 226
60844 283
60855 144
60899 7
60938 58
60946 296
60951 274
60954 281
61015 221
61091 209
61121 178
61232 285
61272 206
61279 63
61337 67
61340 207
61395 67
61411 83
61437 98
61445 140
61461 180
61470 218
61481 146
61498 90
61500 147
61559 263
61656 295
61682 257
61700 300
61784 132
61786 34
61894 101
61911 78
61984 261
62002 120
62009 17
62037 302
62050 36
62063 228
62069 281
62091 0
62135 156
62161 197
62254 181
62274 123
62300 218
62312 211
62394 293
62446 300
62474 126
62481 305
62495 311
62539 281
62540 73
62559 84
62560 37
62567 294
62589 300
62605 185
62620 8
62687 30
62716 105
62749 213
62754 198
62774 286
62865 267
62903 133
62937 196
62944 259
62986 258
63038 296
63046 251
63062 62
63068 9
63093 83
63172 241
63241 90
63256 190
63272 14
63275 107
63337 31
63350 215
63379 219
63393 164
63407 150
63418 105
63452 38
63492 308
63502 272
63522 197
63559 92
63578 13
63611 31
63629 256
63634 276
63673 38
63738 65
63775 201
63824 60
63826 94
63852 152
63875 124
63897 128
63906 305
63911 283
63929 323
63932 9
63981 41
63999 208
64009 113
64022 147
64029 200
64034 288
64049 128
64132 245
64145 111
64157 330
64189 229
64249 307
64268 137
64324 221
64339 299
64357 188
64370 46
64427 251
64447 110
64451 178
64505 199
64569 279
64579 313
64586 222
64596 82
64608 4
64612 101
64632 187
64637 70
64639 243
64660 166
64712 152
64719 137
64758 88
64779 106
64782 52
64789 327
64806 58
64812 51
64830 160
64850 173
64875 281
64876 64
64884 65
64887 2
64924 207
64977 72
65030 96
65033 283
65043 93
65064 86
65081 246
65098 217
65105 325
65110 255
65134 10
65180 267
65181 37
65332 62
65335 253
65377 333
65474 227
65482 327
65526 44
65535 32
65538 290
65549 211
65573 283
65581 285
65625 158
65649 143
65667 150
65673 190
65694 76
65730 228
65844 188
65873 322
65880 323
65956 20
65958 84
65962 79
65965 171
66018 244
66029 52
66051 61
66076 68
66100 45
66127 282
66158 72
66160 153
66220 20
66242 9
66249 185
66344 108
66371 76
66388 298
66399 332
66436 28
66447 308
66475 180
66495 292
66499 230
66518 0
66530 249
66532 284
66559 46
66612 78
66616 47
66656 155
66671 123
66748 113
66781 315
66783 269
66792 10
66808 281
66830 118
66997 92
67052 0
67080 209
67082 174
67090 72
67103 170
67115 180
67124 175
67159 299
67240 28
67264 301
67269 142
67274 74
67335 15
67378 86
67379 29
67382 15
67418 256
67421 94
67422 113
67451 186
67484 73
67534 82
67540 201
67544 61
67574 255
67576 293
67581 97
67583 32
67593 305
67604 128
67621 144
67657 88
67678 13
67687 299
67720 290
67744 314
67777 289
67781 110
67792 6
67830 146
67889 322
67923 0
67924 23
67987 139
68002 306
68065 296
68094 59
68109 239
68126 113
68140 119
68222 127
68224 275
68244 139
68291 301
68305 204
68315 111
68337 25
68347 214
68351 83
68352 201
68356 324
68373 280
68377 312
68398 213
68406 333
68549 78
68561 27
68562 310
68579 299
68625 311
68643 58
68650 30
68657 200
68691 132
68739 263
68910 4
68946 163
68995 303
69009 137
69029 234
69042 181
69112 263
69137 332
69169 40
69226 183
69227 135
69260 107
69277 325
69342 75
69353 256
69364 260
69402 287
69428 228
69436 15
69442 329
69457 258
69522 81
69535 305
69619 173
69661 170
69683 71
69689 299
69721 69
69764 312
69786 195
69865 317
69876 243
69918 333
69931 31
69932 214
69934 167
69947 0
69982 271
70046 236
70056 242
70062 303
70134 151
70176 217
70204 207
70226 81
70232 180
70237 191
70245 1
70267 228
70269 206
70279 59
70282 247
70287 290
70308 31
70330 296
70374 266
70415 253
70422 201
70435 305
70441 333
70445 144
70465 117
70507 118
70529 164
70544 66
70588 210
70598 187
70640 63
70643 301
70680 1
70713 189
70755 161
70799 135
70857 244
70882 298
70939 21
70953 81
70954 80
70977 217
71011 18
71060 183
71089 57
71092 165
71103 75
71116 44
71122 40
71153 11
71177 172
71192 167
71199 23
71211 47
71214 275
71226 69
71227 329
71278 266
71279 238
71290 243
71346 153
71352 83
71381 207
71393 306
71428 27
71505 116
71528 130
71576 284
71592 80
71723 200
71724 127
71766 44
71777 223
71847 137
71859 94
71862 90
71897 120
71916 142
72021 301
72031 242
72142 98
72144 196
72173 309
72187 49
72191 144
72226 78
72269 185
72280 60
72286 101
72309 203
72331 244
72385 110
72387 133
72423 25
72432 34
72474 96
72487 293
72541 27
72583 105
72589 324
72624 326
72630 188
72649 193
72684 253
72739 112
72750 157
72751 82
72792 53
72818 186
72824 317
72851 13
72858 19
72923 39
72926 241
72940 123
72970 61
72981 302
73016 293
73033 164
73059 123
73105 1
73152 300
73159 213
73160 299
73165 99
73213 286
73223 29
73286 85
73291 18
73392 213
73406 226
73450 258
73472 190
73499 22
73500 97
73514 299
73523 91
73564 182
73627 285
73642 36
73646 97
73734 164
73746 294
73781 194
73852 242
73858 121
73871 15
73874 329
73898 264
73899 227
73901 163
73923 126
73960 123
74027 226
74033 124
74073 127
74101 253
74154 14
74180 206
74205 193
74216 283
74290 251
74348 27
74382 170
74435 264
74440 319
74448 256
74458 16
74461 87
74494 122
74520 173
74555 100
74563 206
74573 306
74580 324
74597 195
74641 146
74651 239
74669 25
74675 131
74727 140
74738 51
74743 229
74748 109
74825 311
74855 195
74870 146
74926 243
74927 76
74953 99
74958 46
75013 7
75035 73
75069 32
75078 323
75095 55
75107 281
75117 193
75136 174
75196 159
75211 199
75212 303
75213 317
75239 32
75244 93
75257 127
75271 93
75284 333
75301 48
75303 266
75306 196
75392 167
75406 95
75408 320
75450 329
75464 88
75486 167
75490 207
75505 269
75537 210
75539 37
75557 131
75570 169
75627 186
75651 230
75679 65
75706 57
75731 314
75738 195
75773 79
75817 175
75822 147
75920 332
75924 202
75926 91
75950 197
75978 11
75980 187
76003 235
76010 87
76069 303
76083 175
76131 230
76134 199
76201 45
76225 249
76253 267
76258 213
76299 117
76306 293
76331 289
76347 98
76406 189
76456 164
76464 35
76500 56
76505 232
76556 293
76598 153
76640 315
76642 185
76666 292
76701 82
76729 32
76746 183
76779 121
76786 196
76840 252
76890 328
76908 9
77058 234
77091 287
77113 178
77123 129
77139 131
77213 28
77221 230
77231 314
77271 277
77288 172
77293 171
77312 152
77314 137
77320 320
77332 240
77446 130
77460 238
77467 1
77474 191
77486 242
77574 112
77617 79
77621 60
77664 325
77692 111
77696 61
77748 207
77756 93
77802 81
77831 184
77837 22
77932 315
77941 327
77946 297
77958 306
78008 236
78041 32
78075 291
78083 184
78131 317
78187 4
78190 252
78215 140
78231 221
78263 6
78321 259
78452 281
78454 325
78568 115
78646 282
78647 227
78720 264
78740 73
78750 133
78754 77
78767 101
78879 15
78912 7
78930 130
78964 176
78972 171
78991 43
79015 165
79019 199
79066 38
79081 299
79122 129
79152 117
79176 11
79212 258
79219 54
79221 84
79227 268
79235 240
79240 3
79247 160
79266 258
79290 43
79298 258
79331 37
79388 57
79418 186
79449 13
79453 244
79493 313
79649 319
79656 55
79700 175
79756 5
79775 45
79792 18
79854 35
79859 59
79914 306
79922 257
79924 100
79939 216
80114 166
80157 244
80165 251
80198 82
80236 327
80249 198
80267 99
80291 13
80305 36
80307 114
80313 94
80332 33
80337 271
80389 96
80392 109
80463 38
80508 250
80556 38
80574 191
80585 91
80605 258
80657 19
80658 160
80660 169
80683 65
80732 270
80748 124
80809 226
80814 259
80903 100
80905 302
80918 311
80945 86
80946 53
80992 137
81006 129
81011 100
81026 86
81065 181
81102 124
81136 205
81141 72
81255 30
81313 58
81365 289
81381 325
81419 297
81480 142
81484 320
81506 329
81517 6
81529 186
81539 272
81582 34
81593 194
81609 32
81614 220
81623 62
81658 70
81669 206
81671 279
81694 283
81727 168
81735 293
81751 288
81802 278
81857 79
81869 67
81870 69
81879 137
81919 261
81937 329
81952 275
81956 64
81975 271
81978 123
81991 320
81993 304
81999 326
82011 33
82058 68
82161 26
82184 61
82187 268
82204 182
82227 91
82228 193
82260 294
82295 303
82359 94
82391 9
82418 42
82535 251
82541 244
82554 108
82576 205
82585 218
82591 164
82631 4
82738 111
82762 86
82774 61
82868 90
82938 294
82943 73
82966 72
83019 243
83024 209
83061 144
83072 59
83108 311
83148 22
83170 2
83191 124
83211 236
83236 268
83238 271
83276 123
83311 220
83332 322
83339 259
83386 331
83490 155
83527 138
83571 314
83575 252
83609 80
83619 247
83660 238
83697 115
83711 130
83715 174
83720 309
83777 317
83799 150
83863 283
83869 252
83916 70
83922 202
83947 15
83967 266
84008 93
84009 47
84056 286
84095 61
84103 58
84113 267
84125 85
84155 108
84202 48
84209 230
84221 333
84240 194
84246 46
84251 89
84280 1
84281 322
84282 70
84394 294
84395 257
84396 115
84471 131
84475 107
84502 280
84528 164
84636 296
84641 118
84696 240
84767 35
84817 47
84829 181
84833 146
84851 63
84878 166
84879 239
84887 44
84888 71
84907 70
84926 60
84927 224
84928 286
84940 318
84962 109
84963 144
84979 143
85078 206
85130 163
85172 173
85282 293
85288 85
85297 156
85317 170
85350 186
85355 131
85378 84
85385 329
85390 276
85399 87
85406 262
85436 79
85449 188
85482 70
85484 238
85486 106
85575 34
85599 145
85625 42
85640 122
85670 208
85707 94
85760 4
85768 26
85815 195
85825 33
85836 12
85846 258
85869 21
85979 228
86018 25
86053 59
86078 61
86122 250
86147 62
86161 82
86238 240
86241 321
86360 68
86401 191
86421 300
86496 195
86503 240
86508 101
86539 291
86541 261
86594 277
86677 166
86716 83
86742 323
86772 296
86837 136
86892 132
86898 227
86990 254
87012 306
87023 274
87049 178
87052 114
87065 70
87068 94
87069 28
87108 19
87160 9
87190 279
87222 194
87258 41
87281 212
87300 270
87309 164
87330 301
87343 307
87376 15
87391 284
87403 288
87404 172
87408 34
87431 309
87435 155
87516 286
87525 224
87540 19
87581 12
87611 106
87659 5
87702 138
87767 73
87777 215
87785 264
87802 219
87829 186
87833 266
87861 257
87894 275
87901 228
87930 180
87941 41
87964 50
87968 99
87984 1
87993 93
88007 77
88024 252
88077 256
88097 124
88111 66
88180 199
88362 198
88373 242
88387 202
88400 33
88404 255
88410 250
88474 128
88475 130
88486 222
88529 197
88533 189
88549 311
88552 279
88563 105
88600 318
88609 121
88619 13
88658 310
88673 294
88675 70
88677 276
88680 164
88733 171
88788 78
88793 232
88838 115
88845 97
88853 126
88856 212
88886 299
88908 2
88915 304
88916 14
88963 165
89030 307
89061 11
89096 278
89115 208
89126 137
89176 176
89178 228
89231 124
89324 50
89360 34
89400 149
89412 152
89419 95
89437 101
89440 333
89446 15
89477 87
89517 181
89557 139
89614 66
89622 140
89631 320
89639 227
89709 148
89723 11
89729 294
89753 112
89762 299
89809 200
89856 277
89857 182
89859 288
89861 294
89869 326
89871 187
89884 130
89903 230
89904 151
89907 168
89924 123
89936 175
90036 240
90080 292
90101 141
90160 133
90167 323
90242 115
90288 11
90294 39
90303 226
90316 232
90321 33
90358 217
90365 90
90368 202
90395 223
90417 126
90434 154
90507 305
90518 113
90522 111
90530 171
90534 106
90568 94
90578 14
90662 247
90696 53
90743 169
90786 26
90825 319
90854 146
90879 91
90923 38
90957 253
90959 32
90964 144
90976 236
90999 235
91014 294
91031 282
91069 76
91093 246
91137 232
91155 259
91167 319
91180 218
91218 172
91230 177
91250 163
91275 247
91341 4
91356 174
91388 298
91401 252
91413 83
91432 205
91439 49
91450 26
91498 290
91547 76
91592 85
91647 200
91685 91
91688 105
91725 254
91726 229
91764 167
91770 165
91783 204
91790 260
91841 132
91844 310
91879 66
91917 206
91918 0
91933 103
91989 14
91991 53
91995 131
92061 312
92076 203
92108 317
92152 68
92162 144
92177 42
92186 78
92205 139
92209 90
92233 313
92289 223
92362 111
92459 276
92471 18
92584 185
92599 304
92616 300
92635 67
92683 113
92696 64
92734 288
92744 22
92746 281
92763 87
92766 33
92771 0
92808 48
92818 248
92911 238
92952 320
92960 84
93013 253
93017 131
93100 333
93134 123
93139 168
93145 171
93167 110
93178 19
93201 156
93205 265
93221 308
93293 268
93321 304
93339 157
93392 262
93425 248
93445 292
93448 169
93501 290
93554 22
93566 35
93588 317
93602 314
93615 54
93659 293
93661 254
93690 253
93718 67
93724 182
93840 318
93848 178
93893 142
93894 234
93903 305
93941 225
93952 208
93967 98
93992 162
94023 265
94032 194
94087 23
94095 214
94130 156
94182 96
94197 274
94219 331
94246 2
94257 102
94334 40
94434 324
94450 201
94464 256
94470 306
94486 9
94492 18
94554 99
94564 184
94565 264
94579 110
94586 82
94649 81
94707 307
94715 83
94721 75
94732 68
94737 282
94779 210
94803 13
94823 29
94824 258
94828 327
94829 156
94848 38
94855 320
94870 170
94876 120
94912 34
94920 10
94931 169
94938 241
94970 151
94991 173
94993 61
95014 210
95022 211
95035 139
95059 159
95114 49
95137 47
95139 13
95166 105
95179 136
95193 227
95208 258
95213 232
95230 300
95234 22
95248 79
95255 328
95307 175
95331 91
95403 76
95439 275
95451 115
95539 163
95551 207
95593 262
95599 156
95615 333
95642 56
95659 185
95669 189
95766 186
95810 320
95824 114
95846 233
95854 269
95869 35
95874 265
95875 224
95880 232
95896 322
95929 234
95943 66
95974 30
95985 67
96011 230
96048 207
96055 195
96077 225
96144 52
96156 70
96241 275
96250 49
96275 130
96319 267
96321 100
96358 272
96363 5
96394 97
96406 303
96478 25
96507 187
96517 87
96521 0
96526 100
96538 132
96545 67
96577 138
96621 34
96627 207
96632 178
96644 2
96663 197
96670 295
96683 50
96727 160
96772 128
96814 29
96833 269
96841 276
96846 225
96848 128
96860 169
96865 164
96900 275
96929 92
96935 230
96978 269
97010 20
97040 39
97046 172
97069 13
97128 135
97131 142
97137 135
97144 132
97146 117
97185 157
97235 328
97320 201
97363 216
97418 8
97428 232
97474 17
97510 176
97514 323
97515 257
97589 59
97592 123
97604 182
97629 263
97654 326
97675 32
97721 184
97722 146
97733 236
97742 130
97743 5
97749 34
97787 251
97795 248
97836 15
97872 246
97878 298
97880 205
97895 245
97908 22
97940 324
97944 184
97963 75
98084 296
98155 103
98163 329
98173 168
98175 34
98182 120
98230 17
98243 201
98283 210
98300 299
98307 313
98333 216
98344 207
98348 300
98352 133
98409 11
98419 67
98428 107
98447 272
98460 211
98461 257
98477 40
98482 27
98544 270
98566 17
98584 148
98615 175
98655 107
98685 230
98701 32
98723 167
98737 261
98780 252
98789 209
98793 315
98824 313
98838 274
98841 169
98875 309
98877 181
98977 202
99089 227
99092 260
99137 156
99153 309
99154 325
99165 277
99205 38
99209 139
99217 29
99220 74
99238 313
99248 7
99276 88
99278 71
99285 238
99290 309
99338 327
99407 224
99422 135
99445 167
99457 320
99467 56
99469 159
99491 119
99512 234
99534 27
99560 307
99562 104
99567 70
99586 143
99653 243
99664 257
99696 97
99711 54
99741 14
99769 25
99905 82
99907 157
99953 145
99954 178
99957 58
100028 74
100045 41
100059 5
100079 121
100114 305
100117 153
100122 193
100147 300
100172 94
100271 209
100279 75
100310 250
100311 46
100351 197
100355 303
100392 31
100395 86
100401 189
100409 258
100478 7
100508 22
100525 297
100551 34
100591 90
100603 257
100661 221
100798 200
100811 17
100846 68
100872 300
100875 138
101006 82
101034 70
101077 316
101187 248
101277 224
101320 151
101341 152
101361 118
101394 314
101397 209
101421 40
101427 7
101431 323
101437 273
101489 113
101495 287
101517 301
101519 134
101568 20
101572 273
101606 320
101614 98
101627 276
101654 48
101691 259
101729 125
101787 333
101800 23
101888 208
101944 279
102030 40
102060 184
102098 318
102151 277
102153 232
102174 19
102262 287
102278 265
102296 207
102317 96
102329 313
102334 130
102344 86
102355 321
102359 65
102426 89
102483 159
102491 221
102505 56
102522 176
102573 20
102595 276
102661 21
102686 145
102715 62
102748 25
102751 305
102767 155
102771 276
102785 106
102796 196
102859 276
102914 193
102921 16
102923 262
102985 46
102997 247
102998 146
103009 166
103012 184
103018 66
103047 46
103075 48
103084 165
103105 210
103123 307
103129 143
103164 33
103168 28
103208 20
103214 56
103255 95
103279 55
103318 243
103350 3
103418 133
103422 198
103442 154
103444 37
103446 202
103455 12
103494 137
103495 263
103516 44
103538 207
103549 251
103563 215
103574 197
103588 29
103597 148
103628 198
103652 83
103653 233
103664 48
103673 132
103688 114
103693 290
103705 324
103719 174
103739 17
103794 101
103810 176
103838 22
103921 250
103933 134
103970 27
104121 126
104131 17
104133 232
104138 128
104140 218
104173 91
104192 39
104199 318
104225 266
104244 34
104261 17
104298 183
104316 308
104329 95
104342 221
104352 155
104387 12
104415 42
104418 106
104468 135
104515 324
104542 266
104566 150
104608 44
104628 95
104633 107
104679 65
104726 253
104750 42
104787 8
104827 35
104844 178
104848 51
104876 91
104892 172
104921 104
104938 111
104941 34
104980 305
104986 112
104991 141
105018 11
