#io generator
#numio=6245 maxtracks=1173 lambda=9.200000
1 544
70 876
98 195
109 21
156 74
224 565
299 454
303 129
315 547
367 520
375 834
417 1015
518 387
531 960
542 961
589 265
599 776
714 1030
770 326
842 704
855 915
857 289
862 241
876 584
911 193
1001 1053
1067 795
1112 978
1115 765
1126 1087
1143 629
1150 105
1172 1078
1221 1157
1244 151
1290 707
1304 1097
1356 858
1374 566
1446 440
1461 906
1462 168
1491 72
1500 305
1514 209
1551 1065
1566 912
1583 562
1621 242
1640 255
1653 274
1707 833
1712 740
1730 707
1733 398
1855 579
1858 37
1890 844
1893 1043
2017 547
2019 783
2033 536
2051 931
2139 168
2155 424
2168 747
2174 54
2226 954
2247 480
2330 972
2345 494
2435 493
2436 776
2459 1112
2491 1151
2502 418
2522 886
2527 482
2600 176
2653 306
2674 530
2692 624
2701 303
2736 218
2796 67
2825 929
2845 782
2864 1165
2894 112
3011 742
3027 389
3030 189
3050 608
3052 742
3064 379
3068 922
3114 763
3115 31
3150 838
3157 613
3204 962
3216 295
3237 903
3245 121
3308 259
3350 318
3375 989
3393 41
3407 580
3442 815
3496 922
3516 687
3534 618
3564 129
3572 967
3603 18
3636 1113
3645 156
3685 601
3693 686
3735 1142
3796 335
3850 340
3862 209
3910 1160
3976 707
4023 418
4029 251
4097 940
4109 148
4140 1124
4144 319
4219 480
4235 735
4316 754
4323 769
4353 80
4443 509
4457 309
4487 168
4496 572
4539 35
4598 1097
4606 854
4648 667
4709 426
4732 1170
4764 510
4780 49
4782 387
4818 320
4953 355
4966 1088
5008 820
5014 411
5072 522
5130 691
5150 801
5173 844
5189 307
5199 314
5230 957
5239 307
5248 790
5259 366
5406 687
5553 343
5636 1077
5667 129
5682 551
5707 257
5708 36
5782 685
5826 369
5885 46
5912 554
5973 995
6015 125
6038 46
6055 618
6078 378
6163 511
6176 656
6201 861
6204 1119
6206 157
6267 791
6335 202
6358 1084
6402 1165
6450 708
6491 1040
6495 901
6506 768
6556 366
6562 141
6570 714
6590 943
6595 244
6652 303
6657 1083
6672 23
6701 325
6707 140
6714 1111
6717 1152
6742 987
6806 797
6835 207
6847 478
6868 595
6891 859
6894 3
6918 320
6925 435
6949 439
6960 1084
6975 1048
6982 689
6998 627
7002 453
7004 1135
7013 899
7040 507
7043 1157
7124 714
7147 767
7188 607
7194 1171
7235 661
7259 122
7321 534
7343 882
7377 101
7423 73
7453 1046
7471 832
7533 827
7553 514
7557 678
7574 70
7580 1103
7619 1071
7638 1064
7715 220
7735 520
7746 386
7819 928
7821 653
7888 994
7918 587
7960 81
7967 704
8014 805
8015 1072
8024 545
8140 530
8156 808
8170 1013
8198 325
8199 79
8239 405
8255 727
8259 562
8265 18
8277 935
8300 80
8364 852
8399 752
8415 832
8440 795
8446 621
8450 680
8457 580
8475 957
8522 583
8590 578
8648 329
8651 1149
8696 341
8873 104
8875 601
8880 1119
8888 969
8916 766
8940 177
8952 833
8988 541
8998 1056
9097 863
9137 854
9145 703
9153 89
9220 393
9221 752
9252 62
9293 837
9319 1042
9354 945
9394 310
9413 295
9430 927
9534 113
9543 297
9729 244
9875 836
9963 262
9974 187
9985 228
10006 419
10063 142
10079 665
10136 1145
10155 591
10203 200
10249 284
10266 216
10267 451
10277 335
10309 326
10330 737
10484 507
10544 358
10572 179
10594 102
10616 394
10623 1080
10697 52
10769 421
10794 798
10818 372
10899 1118
10921 1123
10934 919
10942 1145
10944 866
10973 64
10978 537
10992 895
11022 1010
11082 143
11089 69
11090 119
11093 1103
11112 766
11142 1163
11254 640
11346 555
11368 332
11377 876
11386 375
11407 1015
11421 770
11433 863
11450 1097
11478 317
11479 933
11491 118
11563 509
11564 420
11566 778
11579 69
11586 347
11610 836
11637 927
11656 985
11659 1109
11698 570
11727 36
11735 25
11843 962
11854 28
11884 729
11888 602
11889 196
11954 169
12010 262
12017 48
12040 862
12084 117
12107 251
12196 746
12201 758
12205 894
12240 406
12288 755
12293 89
12328 918
12366 931
12377 885
12481 198
12554 931
12569 119
12626 1070
12683 692
12697 944
12793 0
12900 701
12904 853
12914 551
12936 1078
12968 689
12996 492
13006 448
13046 48
13059 1038
13148 161
13158 50
13273 222
13340 661
13347 286
13361 180
13369 392
13413 432
13415 33
13473 673
13566 558
13571 628
13642 526
13721 717
13742 307
13763 505
13779 908
13799 438
13904 415
13992 194
14021 359
14033 989
14065 85
14072 825
14075 60
14085 57
14108 516
14135 496
14204 588
14205 444
14250 623
14302 192
14313 332
14337 316
14369 558
14387 277
14435 887
14437 497
14493 343
14497 1091
14510 475
14632 1023
14691 660
14702 861
14704 387
14707 972
14770 1082
14930 196
14937 623
14955 989
15021 93
15070 739
15075 250
15094 531
15107 458
15157 876
15171 786
15199 1093
15306 384
15500 347
15518 970
15523 427
15577 382
15603 413
15649 486
15663 748
15684 176
15693 767
15707 855
15710 827
15714 1062
15733 573
15760 53
15777 636
15791 492
15849 954
15858 1169
15864 79
15876 878
15893 103
15898 915
15939 771
16024 1168
16035 346
16076 492
16135 382
16154 392
16228 586
16272 521
16337 206
16347 805
16364 329
16427 575
16456 719
16533 813
16580 812
16597 510
16628 487
16671 1078
16675 196
16755 1156
16776 438
16788 464
16853 89
16911 875
16920 146
16938 792
16954 349
16959 13
17036 91
17074 808
17120 145
17124 462
17148 1022
17159 798
17160 273
17194 624
17223 1156
17307 564
17309 903
17317 369
17388 776
17537 353
17639 184
17650 1022
17658 19
17684 7
17688 803
17704 798
17729 837
17743 697
17836 32
17840 651
17841 43
17843 969
17852 459
17892 1086
17907 25
17976 633
17988 889
18035 412
18047 916
18068 4
18074 203
18100 1050
18124 182
18182 659
18192 466
18219 397
18237 765
18242 820
18243 1039
18274 500
18350 601
18458 285
18468 870
18496 691
18519 102
18547 827
18556 180
18585 933
18596 520
18610 694
18668 1095
18753 323
18781 113
18898 739
19027 705
19028 1045
19031 27
19035 451
19081 855
19198 339
19251 667
19414 91
19454 697
19519 37
19520 271
19551 1031
19556 651
19561 882
19594 153
19609 744
19650 515
19673 993
19692 774
19700 268
19715 242
19738 241
19785 600
19795 584
19798 184
19822 170
19837 181
19862 833
19868 359
19882 364
19919 1170
19920 150
19943 1043
19971 216
19975 962
20002 384
20015 915
20018 998
20020 705
20120 258
20124 120
20153 336
20157 192
20351 360
20371 423
20401 187
20415 774
20425 1036
20450 1033
20452 787
20490 753
20712 47
20729 120
20799 570
20837 995
20876 980
20972 371
20976 92
20996 141
21011 1116
21031 4
21034 986
21068 470
21109 252
21119 929
21188 1152
21206 1038
21267 1158
21345 402
21382 894
21383 619
21422 430
21455 931
21514 905
21520 937
21529 216
21606 111
21666 366
21720 74
21748 716
21843 676
21844 980
21873 1059
21928 602
21937 604
21947 348
21948 1162
21982 813
22030 600
22049 1132
22060 844
22065 261
22118 1170
22142 742
22144 152
22152 14
22191 340
22250 359
22256 786
22310 515
22316 113
22358 268
22360 470
22441 1024
22518 455
22576 263
22579 1158
22597 1082
22733 1153
22758 56
22761 938
22762 961
22764 1064
22768 331
22795 1109
22835 896
22836 539
22994 154
23056 1074
23103 356
23162 1171
23178 976
23196 392
23250 503
23320 1016
23344 809
23427 424
23475 978
23496 73
23512 508
23561 207
23581 288
23586 714
23589 100
23619 1032
23634 538
23701 941
23711 381
23715 128
23759 33
23877 348
23917 1058
23951 585
23993 171
24019 174
24046 407
24058 67
24086 581
24120 821
24147 329
24174 1140
24216 539
24263 35
24311 1071
24315 633
24405 135
24462 774
24483 186
24527 753
24567 1058
24575 80
24583 328
24617 849
24710 424
24721 267
24811 326
24920 471
24921 1170
24927 1134
24931 852
25007 296
25033 667
25043 69
25084 28
25122 526
25205 1085
25228 182
25235 210
25302 178
25326 218
25341 567
25360 408
25429 608
25442 85
25463 567
25514 462
25556 425
25660 8
25677 810
25678 146
25682 1125
25683 770
25686 299
25743 1166
25759 442
25765 924
25827 756
25831 874
25836 565
25890 762
25997 724
25998 824
26123 8
26162 473
26200 871
26223 981
26261 677
26282 957
26339 386
26392 282
26431 1162
26457 746
26462 366
26513 759
26517 528
26547 878
26568 371
26609 587
26613 233
26659 774
26660 553
26668 621
26678 84
26740 116
26751 663
26754 401
26758 853
26780 522
26803 181
26830 1147
26876 381
26896 99
26897 1142
26900 219
26906 1034
26965 245
26978 100
27020 754
27025 701
27068 551
27073 977
27126 348
27152 374
27195 105
27215 373
27217 284
27249 634
27261 818
27284 515
27352 807
27364 858
27436 793
27490 747
27502 1144
27510 72
27528 468
27600 302
27637 536
27664 514
27689 60
27734 721
27745 469
27750 729
27753 787
27755 1152
27769 450
27808 302
27809 624
27880 445
27902 152
27920 1118
27944 396
27951 265
28001 925
28035 400
28093 494
28192 159
28247 131
28292 1079
28340 961
28414 168
28421 723
28437 309
28442 348
28474 769
28491 100
28520 1122
28537 963
28543 255
28573 994
28599 529
28609 605
28637 108
28668 404
28684 192
28762 652
28776 623
28877 740
28913 299
28923 395
28959 422
29052 750
29100 900
29155 1
29170 786
29196 972
29285 91
29302 38
29341 892
29342 139
29424 1126
29459 344
29480 743
29562 202
29632 233
29654 670
29680 534
29687 402
29695 40
29708 704
29746 1062
29763 757
29893 992
29929 809
29958 848
30010 625
30046 567
30101 205
30104 881
30117 8
30212 1005
30239 598
30250 927
30310 628
30365 231
30369 621
30372 664
30378 101
30394 1001
30441 23
30468 686
30493 305
30495 445
30513 218
30517 919
30523 95
30555 905
30583 1118
30609 520
30630 453
30662 733
30741 873
30747 107
30803 708
30895 712
30926 612
30932 208
30980 306
31005 256
31023 807
31055 902
31087 484
31101 701
31218 944
31220 424
31238 836
31248 223
31322 434
31344 369
31375 155
31432 964
31443 726
31445 1017
31503 623
31528 987
31534 381
31555 686
31591 98
31617 576
31622 1081
31710 1037
31717 150
31766 669
31771 349
31840 914
31857 847
31886 869
31899 804
31928 211
31935 192
31950 573
31972 1142
31978 694
32002 781
32047 535
32076 760
32110 859
32128 267
32196 862
32199 778
32204 981
32213 1064
32219 1115
32242 421
32247 798
32262 653
32267 1043
32291 404
32311 76
32319 611
32349 1048
32355 408
32367 476
32375 79
32398 1049
32406 418
32411 166
32435 131
32469 1049
32479 397
32489 981
32511 194
32525 1000
32558 507
32621 1048
32718 564
32767 155
32823 140
32847 71
32853 68
32952 494
32969 137
32995 1114
33003 260
33062 596
33088 142
33101 80
33111 836
33192 1097
33197 923
33253 117
33262 725
33270 114
33312 903
33317 1086
33373 134
33386 286
33394 1069
33400 540
33404 46
33514 814
33519 369
33564 526
33600 451
33606 554
33613 321
33656 977
33678 983
33704 325
33890 584
33893 131
33952 410
33965 889
33990 943
34060 684
34107 687
34150 103
34163 226
34166 41
34193 340
34215 929
34241 291
34272 83
34274 231
34287 99
34324 533
34330 634
34382 351
34395 405
34401 1094
34405 911
34441 243
34445 1021
34457 189
34475 721
34510 282
34516 1077
34580 294
34582 703
34585 889
34586 336
34597 1007
34653 702
34660 203
34709 165
34720 665
34774 587
34811 808
34866 1003
34870 516
34893 443
34923 519
34931 1021
34949 361
34969 631
34971 615
35026 429
35041 766
35147 693
35202 885
35243 140
35255 645
35285 18
35293 523
35358 441
35427 464
35471 595
35529 1172
35544 336
35555 995
35610 438
35624 763
35666 887
35677 827
35690 153
35709 92
35718 917
35749 1022
35799 1018
35811 784
35819 241
35821 1172
35860 1059
36121 107
36127 360
36216 18
36252 368
36286 495
36288 1138
36292 489
36295 688
36316 413
36330 146
36338 195
36493 636
36550 278
36594 1055
36602 542
36653 277
36678 1164
36703 580
36711 948
36746 760
36813 756
36860 347
36903 425
36953 115
36994 1075
37006 1054
37082 1015
37124 172
37154 744
37169 90
37187 728
37218 505
37223 147
37241 459
37327 133
37328 954
37373 957
37376 591
37382 1058
37411 1068
37465 1085
37517 854
37566 637
37632 474
37638 304
37658 721
37725 132
37726 53
37734 568
37752 203
37781 560
37919 418
37930 114
37992 554
38242 544
38257 960
38272 225
38297 210
38339 496
38366 1072
38402 77
38426 659
38432 675
38461 489
38462 53
38490 772
38513 677
38567 792
38633 340
38668 400
38703 579
38744 1015
38745 1067
38774 545
38795 605
38800 657
38801 833
38843 728
38855 183
38891 426
38934 399
39003 381
39017 826
39025 1167
39060 674
39095 199
39106 627
39113 253
39117 793
39156 765
39211 318
39249 626
39261 1000
39266 1
39273 1073
39286 121
39294 818
39346 283
39431 942
39510 594
39530 101
39583 8
39594 34
39598 1143
39640 934
39691 14
39712 391
39765 218
39771 956
39787 125
39792 594
39805 1002
39817 690
39866 139
39888 344
39916 695
39919 701
39989 160
40032 1015
40098 631
40132 1043
40133 1171
40210 995
40216 122
40250 688
40257 963
40260 655
40295 479
40300 542
40323 767
40367 138
40376 1012
40416 162
40435 5
40501 1169
40536 899
40571 798
40638 1000
40686 636
40704 1168
40718 625
40743 46
40833 825
40855 550
40869 304
40897 709
40901 357
40944 144
40989 876
41034 489
41080 926
41082 525
41117 1100
41125 247
41140 269
41167 1068
41215 721
41276 572
41279 378
41338 442
41414 529
41436 252
41442 730
41563 1104
41594 864
41608 458
41631 520
41689 228
41704 84
41720 890
41731 1150
41766 101
41794 614
41821 836
41880 493
41882 888
41947 691
42061 77
42068 1114
42125 806
42139 267
42146 951
42148 480
42154 162
42207 1116
42225 933
42256 617
42271 172
42274 121
42434 612
42440 881
42455 919
42495 540
42673 791
42693 977
42707 980
42708 676
42741 149
42876 983
42885 939
42934 828
42962 484
42970 1158
42996 391
42999 649
43060 335
43071 294
43073 33
43112 76
43150 211
43222 76
43323 752
43357 101
43388 587
43401 502
43411 68
43449 341
43458 733
43461 960
43481 457
43485 859
43504 179
43522 616
43583 732
43600 1080
43632 449
43658 354
43678 222
43729 963
43759 111
43826 754
43877 201
43910 76
43960 892
44028 327
44033 9
44063 188
44082 159
44084 656
44172 847
44262 587
44278 809
44334 273
44345 1083
44348 1116
44388 334
44417 925
44419 432
44454 425
44477 799
44491 153
44549 975
44558 1008
44635 968
44685 746
44731 349
44765 211
44905 573
44921 347
44937 618
44946 159
44999 1004
45081 1050
45089 701
45098 873
45108 742
45174 143
45193 165
45320 444
45428 913
45470 89
45505 1074
45507 193
45519 423
45546 1004
45575 836
45610 546
45642 662
45679 277
45734 509
45757 535
45768 748
45849 528
45879 352
45896 468
45908 180
45928 1162
45930 633
45935 468
46008 859
46017 599
46035 1085
46155 98
46176 782
46188 367
46191 981
46237 482
46257 810
46320 111
46471 329
46492 359
46510 1137
46521 591
46543 531
46617 483
46623 186
46704 741
46706 1055
46746 673
46772 43
46841 785
46906 770
46908 408
46921 1107
46939 398
46947 1100
46980 773
47055 1107
47060 490
47076 78
47132 683
47140 883
47147 363
47180 1091
47248 259
47356 905
47426 985
47443 1140
47449 911
47527 742
47530 165
47556 896
47607 562
47646 1130
47718 122
47759 805
47768 563
47841 664
47845 975
47864 416
47915 260
47923 749
47956 255
48012 502
48016 541
48041 322
48042 362
48044 600
48045 480
48049 81
48053 948
48065 723
48104 1046
48148 635
48161 124
48174 661
48187 1148
48194 668
48246 753
48284 316
48290 1148
48301 583
48302 955
48325 109
48333 746
48338 422
48356 573
48477 181
48492 854
48529 847
48586 43
48596 218
48618 886
48673 168
48692 109
48704 514
48720 972
48741 246
48754 688
48772 1149
48816 932
48833 280
48880 680
48910 588
48920 402
48933 367
48964 613
48976 154
48986 180
48996 866
49005 712
49011 754
49029 786
49090 915
49099 338
49144 10
49146 217
49155 1004
49201 1018
49215 48
49222 814
49235 987
49242 803
49357 581
49414 291
49422 100
49483 483
49524 342
49526 683
49528 399
49593 976
49606 1120
49634 951
49682 546
49687 967
49723 1013
49729 609
49731 1014
49752 676
49790 870
49843 925
49871 261
49894 1044
49905 117
50009 759
50122 933
50302 1086
50355 697
50397 700
50398 1064
50415 866
50461 706
50470 999
50490 881
50507 199
50528 281
50629 107
50648 558
50774 902
50801 1107
50818 643
50860 484
50880 648
50887 176
50889 141
50916 945
50986 205
50988 871
51020 957
51026 953
51037 483
51084 470
51150 291
51165 756
51220 382
51222 438
51224 556
51284 726
51304 73
51350 645
51356 401
51370 87
51393 494
51447 186
51455 1160
51568 642
51584 872
51678 324
51830 389
51910 958
51944 1153
51950 849
51969 46
51982 1102
51985 132
52006 335
52025 993
52039 1139
52048 208
52052 593
52057 120
52058 666
52117 4
52176 983
52189 898
52222 1165
52266 992
52306 242
52375 71
52380 1160
52386 747
52396 737
52417 744
52446 882
52499 857
52508 1149
52565 366
52590 798
52602 460
52625 764
52630 205
52663 1064
52677 134
52752 498
52761 1052
52790 1054
52796 266
52811 946
52866 158
52896 654
52911 702
52926 827
52931 85
52955 695
52990 819
53036 374
53065 925
53101 845
53139 125
53268 696
53306 1034
53352 1094
53361 671
53406 467
53412 373
53461 928
53500 583
53588 919
53611 561
53626 227
53632 169
53654 918
53740 229
53762 739
53773 571
53781 10
53795 1162
53885 742
53911 822
53912 886
53967 642
54008 377
54029 602
54087 1131
54157 41
54161 40
54186 1084
54295 873
54312 701
54313 1074
54368 65
54378 954
54566 1076
54581 819
54676 155
54716 906
54752 525
54755 195
54858 1098
54862 999
54975 319
55044 610
55051 1001
55060 735
55079 365
55103 322
55117 971
55119 428
55162 545
55164 815
55193 917
55213 326
55221 660
55239 225
55261 676
55262 552
55322 1091
55473 54
55521 300
55556 276
55582 253
55604 1097
55605 702
55616 926
55618 428
55639 776
55644 1118
55733 443
55756 452
55782 19
55886 721
55907 951
55932 561
55994 385
56036 623
56062 355
56105 87
56113 929
56148 633
56175 865
56250 79
56266 62
56279 506
56303 851
56328 807
56358 49
56380 190
56403 420
56424 300
56494 65
56520 748
56524 935
56541 943
56554 15
56578 285
56580 1104
56591 120
56601 854
56633 9
56674 230
56711 408
56719 230
56741 891
56766 2
56784 68
56811 96
56817 437
56839 1165
56878 617
56902 1120
56931 559
56940 833
56985 1150
56998 899
57037 643
57056 70
57105 773
57131 642
57138 672
57164 772
57195 163
57238 962
57260 298
57313 263
57361 410
57367 455
57422 505
57425 687
57441 528
57454 144
57716 957
57722 924
57742 885
57755 809
57767 1056
57780 1126
57781 105
57829 648
57842 698
57889 146
57981 1122
58003 907
58018 717
58032 937
58034 836
58115 73
58138 125
58198 6
58260 218
58297 222
58299 52
58304 148
58308 1092
58344 562
58367 536
58396 554
58413 138
58421 940
58462 710
58491 929
58503 615
58564 994
58595 826
58656 578
58726 643
58762 1146
58790 976
58793 855
58838 920
58845 341
58853 955
58898 769
58983 10
59002 776
59032 69
59051 1094
59078 362
59126 252
59157 830
59232 213
59247 1036
59294 262
59434 593
59573 906
59612 326
59636 48
59671 541
59672 151
59676 780
59682 678
59711 906
59780 444
59920 1058
59957 947
59963 101
60000 1139
60011 795
60031 348
60050 225
60077 546
60117 723
60121 214
60156 312
60167 391
60186 1038
60271 267
60318 365
60325 791
60337 1069
60357 608
60565 203
60586 362
60646 1134
60675 355
60680 213
60726 1032
60777 1062
60779 547
60785 434
60836 736
60845 860
60906 33
60907 84
60945 432
61077 218
61146 1153
61160 443
61170 247
61183 1053
61206 591
61208 332
61223 1030
61229 524
61242 424
61296 172
61440 85
61507 991
61510 1085
61589 944
61600 1058
61752 213
61820 411
61846 207
61872 1062
61874 90
61890 181
61904 931
61905 644
61913 444
61990 69
62013 1056
62017 476
62060 274
62072 778
62073 734
62099 36
62151 528
62166 432
62197 1108
62207 823
62243 1004
62258 561
62328 1093
62368 315
62426 914
62476 872
62553 236
62574 171
62598 179
62604 187
62644 254
62753 197
62782 394
62832 639
62862 583
62888 347
62901 1113
62948 286
63015 581
63037 849
63047 361
63067 220
63089 1122
63101 51
63104 610
63111 971
63153 200
63334 396
63356 929
63424 139
63434 527
63451 756
63467 223
63536 328
63572 471
63675 833
63695 175
63702 502
63723 311
63747 4
63767 430
63810 750
63824 93
63829 183
63933 312
63951 483
63987 107
64040 1023
64165 106
64191 449
64194 610
64197 664
64232 369
64403 179
64430 626
64435 56
64508 1055
64545 310
64667 980
64684 1103
64687 1017
64700 920
64801 192
64835 1101
64844 252
64856 409
64898 487
64976 475
65017 1069
65043 364
65061 839
65075 406
65105 55
65135 697
65203 36
65227 1155
65299 1042
65345 1005
65346 500
65396 359
65428 139
65462 443
65486 671
65534 311
65555 401
65582 1090
65583 1096
65593 790
65721 1041
65730 1014
65810 942
65870 959
65907 727
65942 873
65943 554
65944 809
65972 830
65974 148
65984 998
65999 897
66005 1135
66042 294
66116 1139
66198 1038
66260 226
66304 913
66484 705
66512 808
66519 319
66537 315
66580 569
66681 394
66687 32
66706 555
66773 1003
66781 84
66836 1094
66848 852
66922 291
66952 896
66970 424
66994 513
67099 163
67103 216
67119 657
67138 183
67139 484
67160 280
67178 1120
67217 375
67270 1116
67285 743
67353 840
67367 926
67473 1140
67498 476
67510 113
67569 349
67577 1139
67597 759
67621 1098
67672 678
67685 347
67739 927
67748 623
67751 73
67772 590
67809 432
67816 67
67821 216
67860 692
67874 949
67892 775
67893 476
67897 813
67985 94
68006 606
68023 930
68036 260
68037 1016
68049 125
68062 980
68113 842
68114 1010
68180 280
68250 692
68306 298
68322 310
68400 523
68435 70
68439 715
68443 746
68447 670
68464 542
68514 555
68526 147
68553 796
68656 451
68672 19
68681 322
68690 161
68753 101
68768 310
68781 361
68820 26
68834 997
68865 596
68886 892
68888 1074
68896 1023
68911 648
69108 1139
69116 1125
69130 739
69249 707
69324 272
69366 903
69378 155
69379 786
69397 875
69434 947
69462 383
69474 97
69476 464
69693 364
69702 456
69765 312
69779 113
69787 840
69828 237
69840 742
69858 69
69874 884
69880 514
69897 740
69903 138
69921 917
69939 886
70002 623
70007 1013
70065 492
70074 829
70110 718
70161 1070
70173 623
70176 760
70181 645
70220 666
70231 1054
70272 622
70278 992
70389 1142
70399 851
70457 964
70523 824
70557 349
70656 436
70788 667
70794 1052
70866 830
70891 1023
70917 297
70935 1015
70940 524
70968 801
71000 517
71033 719
71074 445
71093 649
71102 182
71109 651
71112 693
71136 798
71182 513
71209 558
71228 145
71241 13
71256 925
71322 622
71330 554
71337 1027
71414 1018
71435 756
71444 1105
71451 593
71454 490
71456 246
71485 1044
71532 46
71552 296
71573 696
71602 587
71714 458
71729 588
71760 998
71800 590
71845 685
72004 479
72060 1098
72089 396
72090 30
72106 287
72107 2
72111 952
72112 709
72114 622
72121 781
72122 198
72123 480
72158 802
72167 454
72173 28
72285 212
72303 942
72306 48
72310 178
72312 636
72328 119
72353 624
72431 687
72435 1148
72438 393
72470 173
72492 823
72517 206
72532 959
72558 673
72616 627
72660 323
72673 1023
72685 563
72700 26
72717 570
72743 1118
72759 180
72762 444
72772 500
72789 1093
72830 1144
72833 131
72883 788
72919 746
72926 517
73003 639
73014 269
73027 720
73028 890
73031 722
73070 586
73116 943
73183 46
73191 1059
73210 192
73241 509
73251 869
73259 1107
73276 1014
73281 1019
73328 816
73334 8
73374 611
73404 903
73414 846
73429 1165
73437 182
73488 118
73494 35
73527 227
73558 103
73578 439
73590 482
73641 212
73667 787
73768 303
73829 1133
73954 440
73982 881
74016 363
74020 762
74044 344
74062 743
74083 561
74115 168
74150 318
74158 163
74191 643
74216 527
74257 132
74261 808
74275 1144
74308 412
74321 285
74324 9
74349 282
74383 101
74407 125
74447 28
74475 420
74480 303
74511 468
74527 325
74621 1113
74662 796
74664 994
74678 508
74733 27
74781 205
74790 1042
74796 963
74800 987
74875 778
74969 736
75006 626
75143 1002
75193 724
75202 224
75273 238
75277 729
75345 237
75365 293
75397 344
75407 493
75427 635
75438 765
75452 514
75473 317
75476 519
75548 926
75668 1038
75700 903
75722 1054
75825 466
75828 120
75961 357
75982 276
76071 918
76093 424
76102 60
76137 1061
76154 128
76170 804
76177 988
76204 1
76258 551
76291 692
76405 639
76430 434
76463 768
76478 741
76580 1030
76644 1055
76678 442
76687 1071
76704 1094
76758 989
76759 256
76783 297
76785 133
76794 1034
76821 1056
76841 652
76859 29
76942 108
76978 371
77019 750
77025 695
77049 1005
77161 939
77207 469
77249 691
77257 910
77309 907
77374 1040
77384 883
77404 217
77412 31
77443 294
77540 849
77625 317
77643 669
77662 49
77665 378
77742 109
77758 757
77794 770
77811 576
77828 530
77842 371
77884 135
77933 1082
77946 955
77971 694
78017 326
78040 45
78081 109
78103 902
78110 970
78158 135
78238 228
78283 707
78343 214
78346 330
78378 536
78407 436
78434 452
78445 1072
78452 995
78474 1137
78478 34
78539 144
78561 731
78573 399
78589 517
78598 704
78605 1014
78624 451
78726 860
78743 389
78758 1162
78798 804
78872 1078
78896 482
78965 776
78983 1052
79006 660
79022 163
79092 881
79117 388
79122 625
79188 702
79267 982
79279 1099
79288 780
79300 288
79315 17
79320 355
79345 659
79351 248
79353 853
79379 586
79443 534
79452 484
79501 309
79527 375
79531 184
79539 1149
79560 206
79568 182
79590 564
79614 609
79645 987
79647 227
79648 329
79654 142
79699 728
79765 255
79830 338
79834 993
79846 327
79872 303
79893 867
79914 763
79922 1143
79928 895
79957 36
80013 939
80015 133
80202 218
80206 890
80258 1169
80378 798
80388 1151
80442 156
80453 113
80457 1020
80470 742
80499 995
80509 1001
80564 555
80594 504
80616 528
80624 667
80650 267
80694 803
80834 660
80870 1132
80878 1135
80971 71
80974 297
80979 280
80983 600
81048 859
81062 183
81090 216
81121 238
81151 158
81184 992
81222 255
81224 538
81298 73
81326 32
81335 649
81452 382
81485 268
81506 1049
81519 1167
81565 99
81579 1084
81614 634
81639 1026
81644 809
81667 2
81682 875
81684 1000
81717 163
81783 275
81788 165
81837 166
81857 521
81871 1114
81884 847
81976 125
82028 354
82029 561
82087 688
82100 1171
82110 1034
82145 736
82147 614
82157 253
82173 600
82188 633
82199 616
82242 1051
82342 98
82372 1058
82378 500
82385 262
82460 55
82513 303
82514 102
82518 54
82563 902
82567 330
82568 398
82604 654
82644 258
82706 291
82714 707
82718 215
82755 895
82757 1031
82763 342
82766 112
82779 1072
82792 452
82813 506
82858 310
82883 48
82894 1050
82934 1019
82964 1104
83005 1017
83010 387
83023 21
83070 516
83142 1132
83183 1
83185 83
83263 488
83282 1075
83359 1042
83394 208
83412 841
83433 398
83451 420
83552 447
83554 968
83579 488
83636 1059
83654 719
83667 390
83694 88
83706 751
83711 291
83712 706
83717 1138
83738 986
83743 1097
83769 748
83779 1170
83955 274
83970 96
83971 1089
83992 1053
84048 1094
84070 205
84079 106
84088 702
84129 464
84188 925
84399 14
84444 574
84505 1065
84522 483
84547 821
84563 636
84650 924
84681 1167
84721 143
84792 643
84793 475
84834 376
84855 1143
84935 266
84949 900
84963 915
85010 1008
85042 802
85052 54
85060 1155
85079 906
85159 286
85175 1074
85278 609
85330 598
85357 251
85365 1051
85404 245
85458 1099
85485 686
85582 1114
85596 854
85648 1172
85664 110
85665 754
85667 589
85684 0
85727 954
85805 831
85817 851
85824 1065
85913 532
85965 763
85999 730
86027 285
86034 634
86040 672
86050 4
86077 800
86080 726
86092 208
86096 870
86102 1019
86127 110
86154 1042
86208 935
86258 891
86267 707
86283 1073
86291 1171
86296 508
86320 413
86372 417
86399 576
86418 233
86472 740
86484 656
86536 223
86539 1059
86585 5
86625 664
86676 567
86730 476
86801 859
86832 1047
86902 76
86920 286
86922 282
86951 764
86992 63
87052 645
87088 203
87091 580
87105 265
87121 156
87129 142
87167 39
87196 607
87214 586
87223 84
87238 167
87242 968
87257 245
87259 1158
87321 937
87322 836
87335 853
87404 539
87412 293
87448 729
87463 1075
87506 97
87601 409
87630 457
87690 998
87709 284
87870 702
87872 446
87924 157
87938 786
88024 481
88039 331
88043 316
88086 424
88109 502
88239 1060
88252 852
88389 346
88391 689
88427 1085
88445 172
88450 507
88493 276
88546 651
88560 213
88568 356
88596 714
88624 857
88691 386
88694 468
88739 88
88750 120
88801 340
88817 1031
88883 97
88935 371
88943 1141
88987 1145
88994 661
89018 679
89061 889
89129 396
89143 551
89145 289
89196 188
89229 654
89237 1113
89271 46
89279 67
89358 137
89362 849
89380 434
89418 216
89431 1062
89474 1031
89495 578
89527 432
89583 5
89641 1055
89650 749
89652 1052
89658 349
89717 1005
89730 101
89808 300
89815 65
89939 749
89956 794
90011 907
90038 669
90071 79
90073 341
90091 1050
90102 322
90152 642
90230 1004
90248 129
90253 342
90362 576
90377 1035
90420 684
90508 853
90516 427
90532 53
90536 1157
90566 929
90567 798
90569 575
90596 445
90642 435
90725 796
90733 436
90782 446
90816 888
90881 51
90913 726
90944 678
90957 996
91048 881
91119 95
91161 600
91226 930
91232 1122
91242 900
91255 58
91259 308
91300 429
91332 608
91375 352
91385 726
91398 1075
91406 1139
91427 687
91481 514
91494 841
91517 89
91525 461
91589 493
91602 180
91608 805
91615 383
91710 1093
91747 686
91766 516
91835 853
91836 269
91868 349
91875 164
91943 27
91970 259
92012 115
92023 1136
92044 195
92059 987
92071 677
92094 614
92168 560
92187 701
92189 1064
92190 1113
92222 114
92228 328
92244 446
92261 327
92277 1172
92299 168
92302 935
92305 691
92411 588
92428 334
92430 1125
92482 1155
92500 310
92527 588
92533 728
92552 947
92592 739
92594 133
92616 460
92633 595
92704 655
92733 810
92768 228
92801 202
92832 1103
92841 687
92885 279
92939 617
92945 519
93065 1167
93070 712
93072 322
93102 693
93137 39
93140 657
93168 825
93177 308
93249 1064
93267 616
93327 808
93330 701
93413 160
93443 877
93477 939
93483 751
93533 413
93542 1030
93573 1016
93593 345
93666 665
93727 577
93737 125
93781 199
93787 816
93850 1032
93902 540
93954 1108
93956 651
93985 1027
94028 290
94063 115
94084 645
94125 425
94134 688
94200 885
94262 1152
94284 34
94468 822
94509 1008
94536 625
94548 455
94568 463
94659 100
94669 810
94681 1105
94730 972
94751 604
94757 600
94781 534
94784 483
94791 1124
94806 845
94946 459
94963 837
94972 4
94981 671
94996 850
95104 395
95156 279
95160 211
95214 1142
95249 390
95254 217
95318 728
95328 329
95384 286
95419 648
95427 78
95545 1109
95557 1149
95563 1045
95577 1076
95639 831
95680 112
95722 1023
95732 649
95791 1114
95860 14
95864 885
95895 493
95896 545
95930 834
96002 913
96164 988
96167 1141
96168 1159
96181 1117
96240 64
96276 1105
96325 649
96332 405
96348 198
96356 483
96367 1157
96368 850
96390 457
96432 620
96442 600
96465 151
96494 582
96499 701
96557 136
96575 1052
96625 453
96662 412
96691 39
96735 908
96744 192
96746 296
96753 943
96763 845
96769 10
96778 563
96801 906
96830 153
96840 907
96881 131
96951 202
96988 655
97026 46
97031 858
97080 1102
97272 1121
97281 194
97336 616
97405 20
97429 159
97450 66
97526 126
97532 210
97599 1074
97609 904
97611 352
97630 760
97846 584
97899 857
97909 882
97950 288
97996 1148
98012 697
98034 349
98064 47
98082 129
98085 402
98092 333
98115 116
98122 954
98186 339
98189 385
98277 133
98332 879
98391 136
98413 672
98427 321
98452 908
98516 68
98518 564
98521 594
98549 228
98609 949
98629 437
98705 797
98711 912
98821 353
98824 1062
98841 1094
98874 305
98875 186
98932 483
98950 453
98956 353
98974 303
99022 636
99068 438
99110 722
99116 254
99257 106
99329 205
99393 1015
99413 1144
99460 1045
99536 501
99541 1124
99569 1155
99583 22
99597 653
99609 957
99662 120
99676 682
99696 114
99703 773
99715 218
99759 247
99773 726
99775 981
99803 995
99844 590
99854 1032
99873 1012
99936 976
100004 277
100019 238
100020 242
100031 484
100080 918
100102 1157
100120 967
100126 225
100127 625
100180 131
100194 477
100296 115
100372 277
100493 437
100496 989
100503 1152
100505 698
100511 156
100562 576
100587 693
100597 66
100624 839
100691 880
100767 1075
100777 844
100810 149
100954 882
100955 265
100996 481
101008 673
101038 361
101071 248
101092 924
101224 392
101253 303
101268 216
101384 318
101471 1035
101477 257
101506 254
101571 856
101578 734
101624 507
101638 209
101683 1092
101733 78
101761 7
101787 438
101812 830
101843 942
101846 952
101893 434
101936 774
101962 1133
101971 910
102029 1165
102157 547
102202 486
102257 1102
102263 885
102305 281
102318 869
102369 838
102414 404
102431 457
102436 611
102443 1085
102513 1113
102541 529
102619 996
102627 887
102686 245
102694 709
102725 54
102750 936
102801 328
102802 166
102860 1005
102908 214
102918 203
102930 939
102945 300
102982 381
103040 169
103048 811
103062 1170
103086 681
103093 164
103100 312
103136 4
103138 1132
103139 246
103277 1033
103279 904
103281 406
103373 463
103378 376
103411 985
103444 577
103576 1040
103582 417
103650 843
103738 123
103800 167
103814 638
103819 515
103841 222
103874 583
103876 840
103885 158
103887 250
103911 246
103935 211
103936 788
103937 79
103998 459
104095 674
104107 68
104125 552
104142 1147
104172 1020
104193 947
104216 1156
104282 277
104291 14
104302 549
104326 597
104366 656
104372 463
104400 295
104409 1157
104416 969
104428 308
104437 922
104474 280
104490 661
104531 248
104533 836
104535 374
104644 119
104674 512
104706 149
104724 429
104761 731
104806 331
104872 14
104881 94
104939 685
104952 116
104966 44
104979 908
105008 77
105144 802
105192 88
105235 208
105266 216
105320 880
105351 220
105369 290
105464 845
105468 1128
105614 239
105665 673
105690 1056
105782 687
105790 844
105796 357
105835 1022
105837 917
105903 975
106005 584
106053 291
106085 1137
106121 1040
106201 477
106268 466
106275 800
106388 894
106415 1075
106428 964
106460 628
106464 402
106480 246
106484 332
106485 99
106533 67
106597 34
106634 981
106674 684
106718 144
106746 747
106769 948
106781 578
106807 1059
106823 1078
106864 55
106883 999
106898 1011
106900 604
106905 122
106934 1087
106939 547
107038 1006
107049 789
107067 68
107117 42
107154 372
107213 18
107265 487
107345 258
107358 755
107367 927
107388 770
107421 655
107427 937
107461 906
107502 967
107510 800
107546 635
107560 145
107589 178
107594 347
107614 5
107625 328
107642 271
107664 887
107730 899
107755 436
107772 234
107857 699
108081 696
108095 850
108112 712
108128 118
108133 896
108141 879
108219 452
108220 458
108234 781
108287 692
108292 666
108311 1094
108314 983
108328 369
108374 1118
108386 425
108398 46
108446 1090
108464 1035
108466 248
108469 972
108473 579
108539 602
108607 274
108613 817
108668 405
108677 340
108687 445
108691 745
108728 1053
108756 10
108765 1068
108766 49
108824 581
108906 1078
108945 38
108988 979
109011 731
109024 482
109086 619
109089 800
109154 437
109269 178
109313 119
109362 523
109377 534
109386 336
109408 356
109412 1172
109420 54
109459 307
109509 635
109558 491
109628 235
109638 491
109649 1126
109660 799
109746 522
109764 41
109772 1032
109773 715
109786 348
109858 984
109887 27
109945 973
109947 640
109950 1014
109952 1032
109962 1147
109964 657
109980 457
110003 810
110005 532
110009 592
110030 434
110045 616
110169 846
110224 1027
110250 496
110323 469
110332 1137
110424 404
110481 39
110489 137
110500 795
110516 816
110523 117
110569 765
110577 319
110581 712
110615 783
110643 445
110664 543
110753 1072
110767 399
110772 390
110782 601
110787 374
110829 333
110841 51
110945 869
110987 189
111045 595
111098 92
111146 1121
111182 513
111213 319
111267 134
111309 889
111312 115
111318 506
111333 830
111362 826
111380 1035
111381 575
111440 910
111448 8
111478 865
111532 816
111555 911
111570 1120
111586 768
111633 604
111648 623
111672 575
111703 867
111784 17
111802 611
111842 1048
111858 885
111873 293
111897 721
111906 175
111919 91
111978 1021
112039 267
112094 299
112162 703
112208 321
112212 368
112258 892
112259 805
112306 588
112313 579
112329 719
112338 915
112401 463
112405 1090
112448 232
112495 726
112496 3
112514 362
112582 52
112584 186
112590 462
112671 1098
112689 716
112728 1114
112782 241
112795 506
112814 147
112825 275
112848 488
112853 316
112883 1102
112952 783
113043 391
113163 971
113178 66
113317 650
113336 1068
113357 1054
113380 237
113440 399
113456 228
113503 1011
113515 79
113518 987
113539 307
113542 116
113549 0
113595 169
113607 873
113722 837
113773 1126
113782 296
113847 890
113852 460
113955 1172
113997 432
114003 593
114011 603
114038 386
114052 67
114080 550
114085 931
114105 1084
114194 943
114229 1069
114252 552
114317 922
114357 872
114382 1025
114386 593
114452 1020
114518 80
114533 125
114560 1113
114578 1103
114594 192
114648 1031
114650 892
114686 889
114721 237
114729 640
114872 1117
114882 626
114937 501
114938 822
114949 1074
114995 790
115008 731
115027 345
115058 571
115096 932
115107 683
115175 82
115184 752
115227 550
115292 340
115311 965
115338 1164
115371 9
115372 412
115383 1113
115387 1148
115500 557
115529 505
115575 273
115654 554
115662 65
115739 349
115751 649
115752 929
115769 389
115778 290
115855 285
115927 1079
115937 291
115945 265
115959 241
115966 991
116018 737
116048 49
116073 103
116075 908
116079 1151
116081 548
116105 134
116114 1125
116132 599
116139 422
116183 122
116193 36
116206 594
116215 849
116254 533
116280 610
116282 216
116308 740
116318 741
116334 488
116364 561
116432 175
116460 168
116463 47
116496 370
116512 479
116529 799
116547 908
116553 818
116574 1055
116579 79
116596 277
116605 1153
116669 614
116699 320
116788 269
116832 966
116847 404
116956 572
116971 730
117022 922
117023 264
117043 553
117316 768
117321 584
117346 377
117372 1145
117398 959
117500 499
117513 675
117551 331
117603 528
117606 216
117656 87
117691 211
117728 560
117836 854
117874 509
117881 825
117884 433
117891 757
117928 900
117959 292
117987 683
118022 1087
118027 439
118034 1130
118089 370
118094 727
118109 963
118160 102
118171 900
118224 3
118231 17
118270 343
118285 1065
118373 88
118408 658
118420 306
118424 0
118430 353
118444 466
118453 235
118492 485
118546 122
118554 729
118560 627
118575 7
118599 694
118607 1037
118623 178
118678 564
118734 450
118786 104
118809 946
118819 972
118825 791
118828 449
118843 595
118850 578
118893 969
118929 326
118936 811
118989 947
119028 70
119065 139
119072 604
119101 47
119174 476
119178 501
119185 476
119194 465
119196 411
119244 551
119306 1154
119411 706
119463 760
119530 31
119543 817
119600 61
119645 618
119650 1137
119651 905
119742 208
119746 434
119761 640
119792 924
119823 1147
119849 114
119906 648
119908 515
119922 832
119934 457
119935 20
119943 119
119990 882
120000 873
120050 53
120094 866
120102 1049
120105 721
120123 863
120139 80
120178 1139
120183 646
120206 266
120355 1041
120442 365
120452 1156
120464 590
120466 120
120475 424
120534 59
120550 706
120599 739
120620 1053
120628 1100
120660 760
120673 727
120679 1054
120683 469
120753 39
120766 236
120777 378
120801 956
120817 742
120819 905
120839 143
120845 96
120922 948
120949 949
120950 607
120968 824
120991 928
121003 818
121040 549
121043 681
121065 509
121113 954
121158 366
121189 195
121281 820
121369 498
121423 137
121445 860
121527 102
121551 1149
121580 1157
121616 152
121664 6
121720 550
121740 1085
121741 1143
121755 976
121804 136
121808 489
121818 104
121821 260
121844 1100
121857 25
121892 311
121895 252
121903 838
121910 1087
121969 1150
122054 789
122073 476
122102 587
122117 1124
122129 198
122131 559
122159 420
122185 824
122212 95
122244 1079
122247 367
122253 249
122276 505
122359 856
122373 905
122412 341
122430 189
122467 51
122501 90
122669 289
122671 554
122727 511
122728 627
122732 206
122820 261
122841 145
122859 20
122884 425
122927 1071
122931 538
122938 680
122968 1056
122999 332
123121 734
123131 263
123169 880
123170 164
123219 694
123224 1066
123270 111
123274 302
123281 666
123291 907
123376 27
123412 77
123432 1044
123465 121
123514 317
123529 903
123601 779
123770 705
123787 61
123830 240
123862 1054
123865 485
124027 289
124062 249
124115 1110
124250 874
124361 788
124414 530
124440 537
124465 416
124506 1104
124510 734
124539 141
124547 25
124553 1136
124561 959
124625 399
124633 1010
124661 1059
124663 471
124723 70
124728 961
124770 1124
124780 347
124797 970
124830 170
124876 911
124923 440
124995 1171
125011 83
125120 731
125190 980
125296 142
125334 646
125381 1117
125447 976
125450 814
125476 68
125584 1010
125604 931
125626 728
125652 340
125667 1102
125673 459
125686 303
125700 1127
125705 228
125787 315
125858 559
125869 779
125886 196
125907 621
125970 72
125998 972
126079 74
126110 512
126146 220
126187 89
126191 1072
126211 545
126217 970
126234 375
126247 690
126325 971
126392 679
126401 57
126403 923
126480 162
126494 868
126496 514
126510 584
126514 647
126522 233
126558 162
126593 169
126604 579
126630 740
126653 1080
126660 505
126704 117
126709 101
126759 71
126767 197
126818 337
126847 195
126896 855
126936 12
127019 467
127024 698
127048 540
127050 132
127053 710
127054 364
127055 918
127071 55
127120 658
127124 684
127154 421
127198 497
127231 420
127259 507
127261 362
127279 18
127318 695
127348 293
127349 821
127363 171
127374 466
127393 401
127399 1019
127414 1138
127431 613
127456 61
127524 358
127544 620
127578 77
127681 881
127695 474
127741 97
127928 443
127940 60
127942 817
127949 451
127952 768
127993 322
128016 137
128024 1119
128056 937
128079 122
128099 59
128145 643
128168 1084
128185 335
128201 779
128214 545
128257 43
128291 149
128295 372
128356 476
128414 1140
128447 934
128477 528
128528 157
128553 334
128559 378
128616 231
128674 889
128704 149
128750 31
128799 124
128820 627
128824 180
128858 322
128878 607
128914 368
128935 390
128938 119
128986 1071
128994 396
129001 495
129035 38
129065 589
129114 273
129145 653
129154 494
129188 881
129287 946
129362 726
129364 442
129368 894
129405 735
129408 940
129449 1030
129489 1133
129496 1072
129511 1030
129604 10
129619 866
129627 12
129638 588
129656 1124
129665 456
129711 186
129770 628
129775 715
129783 906
129821 34
129843 685
129886 549
129937 772
129998 797
130027 1015
130028 403
130031 83
130063 715
130085 702
130148 1047
130162 26
130235 248
130261 54
130315 921
130369 618
130422 376
130425 656
130474 1071
130481 758
130509 967
130531 767
130536 728
130577 949
130585 268
130601 110
130605 905
130608 26
130738 791
130740 944
130759 1040
130771 323
130778 521
130835 1169
130849 64
130881 1115
130948 183
130977 57
131024 387
131086 9
131112 311
131115 798
131116 257
131154 25
131225 905
131280 416
131314 187
131345 1017
131374 548
131437 1128
131460 597
131537 472
131571 608
131590 519
131650 363
131669 478
131696 649
131698 719
131745 929
131777 782
131803 542
131811 729
131844 107
131852 142
131951 220
131983 546
131986 54
131990 727
132011 673
132031 947
132097 449
132124 1133
132307 411
132352 741
132364 110
132365 642
132405 814
132437 1105
132490 699
132494 539
132496 272
132518 226
132578 6
132624 376
132677 928
132684 230
132698 192
132704 844
132785 968
132827 289
132907 913
132957 746
132977 508
133004 339
133043 879
133046 1104
133055 333
133105 307
133106 133
133108 988
133119 319
133126 559
133145 1092
133161 342
133196 759
133203 525
133221 995
133301 1026
133318 246
133393 161
133495 1169
133497 253
133507 1024
133527 390
133665 648
133671 351
133726 454
133773 341
133785 206
133812 1160
133867 932
133885 310
133917 420
133921 84
133947 53
133954 619
133955 339
133998 381
134003 260
134037 176
134084 978
134103 704
134110 264
134180 634
134196 556
134220 264
134229 1134
134250 1070
134262 740
134395 1048
134430 228
134447 844
134468 195
134469 759
134484 824
134534 193
134558 290
134604 889
134624 770
134635 1026
134639 973
134642 469
134692 693
134703 144
134710 349
134782 578
134800 725
134920 711
134954 733
135127 430
135144 188
135218 786
135300 776
135304 683
135407 22
135446 928
135450 133
135478 833
135495 835
135580 849
135621 975
135628 198
135647 227
135694 134
135748 904
135768 284
135853 451
135930 1006
135931 67
135949 10
135951 180
136002 231
136011 456
136087 813
136090 986
136107 973
136142 743
136356 145
136412 908
136420 759
136445 843
136515 559
136518 943
136530 177
136593 909
136598 1102
136682 1125
136686 230
136699 52
136769 527
136838 360
136848 655
136938 326
136974 902
136975 1080
136992 701
137024 361
137026 872
137029 481
137100 1143
137106 63
137184 134
137185 365
137199 112
137206 952
137333 596
137336 634
137355 434
137363 256
137380 168
137412 25
137460 1107
137463 619
137464 595
137481 35
137518 560
137610 947
137631 1167
137635 1002
137638 375
137672 84
137728 889
137758 326
137762 980
137783 647
137907 156
137934 896
137936 786
137947 156
137953 839
137958 1021
137964 127
138000 803
138003 936
138027 228
138031 241
138040 1110
138146 1032
138154 109
138194 848
138227 817
138288 257
138307 1095
138377 883
138379 79
138399 272
138487 776
138500 724
138513 522
138530 1040
138562 626
138565 1064
138585 67
138634 829
138639 591
138656 935
138663 336
138697 258
138772 487
138782 1142
138850 611
138927 640
138990 622
139061 360
139154 914
139247 563
139312 1002
139415 1091
139447 784
139449 172
139452 1031
139465 451
139536 12
139565 940
139582 1049
139629 363
139646 808
139707 325
139714 878
139741 194
139764 624
139797 470
139812 714
139824 35
139834 485
139840 441
139851 617
139896 221
139920 430
140068 1128
140077 899
140087 794
140106 149
140204 792
140270 632
140328 474
140330 572
140382 538
140385 161
140406 439
140431 782
140475 990
140481 600
140482 855
140549 27
140586 164
140635 1129
140689 288
140692 905
140772 1133
140783 894
140797 448
140806 206
140864 407
140875 388
140915 1014
141110 554
141149 223
141280 869
141360 1011
141406 717
141431 674
141485 939
141519 693
141559 740
141633 568
141643 862
141649 148
141651 576
141670 943
141684 534
141694 75
141727 306
141779 664
141783 669
141789 148
141793 883
141886 1086
141903 631
141936 59
141954 155
141955 851
142019 270
142079 1114
142119 363
142163 91
142209 37
142213 483
142224 1111
142346 488
142369 184
142393 755
142470 574
142496 387
142503 446
142523 411
142541 228
142548 778
142549 197
142564 419
142645 542
142649 1119
142678 628
142687 648
142710 778
142712 788
142719 838
142746 817
142756 1071
142797 591
142808 227
142869 852
142884 86
142899 510
142907 909
142957 194
142965 1074
142969 988
142988 430
143004 1133
143005 546
143037 278
143043 260
143129 547
143133 773
143245 503
143305 969
143310 282
143383 640
143418 167
143430 551
143441 655
143456 502
143472 983
143522 934
143573 969
143582 520
143584 521
143618 1171
143695 940
143729 1034
143737 599
143776 454
143820 714
143906 502
143950 299
144022 70
144075 333
144096 253
144100 332
144183 129
144193 434
144199 844
144200 203
144231 983
144287 602
144289 401
144296 536
144299 974
144314 612
144341 757
144358 753
144377 827
144381 792
144437 485
144474 885
144497 1131
144501 819
144537 190
144602 369
144640 972
144642 52
144643 618
144647 1034
144726 776
144745 661
144747 126
144796 279
144834 722
144867 455
144881 206
144894 582
144960 43
144994 875
145007 773
145026 212
145067 580
145075 300
145106 133
145112 346
145139 865
145154 805
145199 194
145281 540
145329 676
145389 179
145433 237
145466 735
145474 361
145488 694
145596 965
145643 816
145655 6
145751 1115
145755 148
145764 819
145827 732
145842 733
145891 362
145893 671
145962 1097
146003 748
146007 439
146016 441
146052 748
146161 762
146180 869
146193 913
146236 350
146277 1016
146294 1145
146320 338
146349 1113
146427 459
146436 0
146542 168
146629 809
146677 85
146679 55
146697 876
146733 489
146749 172
146754 870
146836 1062
146837 768
146884 546
146915 394
146959 272
146969 784
147000 638
147035 690
147072 708
147082 551
147117 401
147140 147
147142 237
147166 569
147179 823
147187 322
147216 315
147300 445
147342 658
147382 574
147432 1
147437 490
147462 970
147470 506
147480 825
147483 735
147490 274
147530 496
147577 237
147624 562
147641 56
147643 820
147764 547
147782 633
147788 1084
147800 216
147802 882
147843 1068
147888 1129
147901 51
147935 528
147970 1041
148006 454
148017 543
148045 98
148136 23
148140 35
148180 130
148201 181
148234 798
148236 1155
148299 189
148341 697
148343 582
148369 486
148393 264
148456 247
148459 646
148488 497
148494 596
148594 245
148626 1158
148710 881
148731 98
148747 194
148752 454
148764 146
148795 465
148825 215
148878 189
148894 795
148908 611
148916 1140
149008 285
149013 532
149020 434
149023 220
149034 992
149069 449
149078 984
149103 746
149167 1020
149212 580
149221 448
149257 92
149282 103
149326 1076
149355 1156
149425 651
149433 59
149450 493
149453 724
149493 1113
149503 121
149510 152
149543 978
149768 608
149796 580
149845 1147
149851 1014
149874 307
149904 516
149969 711
149981 501
150038 446
150056 311
150107 633
150175 612
150196 203
150227 807
150238 321
150261 354
150311 137
150361 678
150364 1138
150382 724
150390 75
150391 122
150426 455
150450 594
150496 1136
150543 669
150565 767
150568 1171
150624 841
150660 153
150812 245
150830 920
150842 270
150856 495
150863 945
150864 508
150928 115
150952 634
150973 82
150974 300
150975 960
151030 642
151050 1077
151075 353
151107 274
151125 736
151143 1015
151159 903
151162 909
151168 348
151195 273
151236 529
151248 315
151403 959
151416 46
151418 442
151480 1056
151562 389
151616 552
151647 534
151685 76
151687 173
151771 582
151850 30
151860 129
151872 1002
151885 62
151896 790
151908 350
151929 774
151942 664
151943 231
151963 1129
151986 336
152004 189
152047 163
152055 969
152065 183
152077 240
152083 699
152095 593
152114 771
152140 888
152152 1033
152153 967
152177 462
152192 680
152220 1007
152244 140
152249 1145
152259 1042
152262 595
152302 472
152336 46
152365 993
152397 1082
152410 101
152437 1069
152496 1070
152546 1055
152588 393
152599 151
152677 1037
152819 537
152823 510
152833 27
152858 931
152900 1118
152919 912
152945 357
152961 567
152995 586
152997 668
153010 1146
153024 285
153063 820
153087 990
153117 495
153173 85
153190 1134
153212 836
153359 68
153381 855
153487 594
153514 316
153594 66
153677 493
153681 583
153727 114
153789 9
153842 656
153867 770
153873 1135
153894 290
153909 535
153953 126
153971 954
154001 206
154056 679
154092 467
154152 707
154171 911
154198 322
154247 789
154251 935
154272 816
154285 166
154350 364
154381 138
154419 102
154484 953
154508 806
154525 833
154547 8
154562 1069
154623 1168
154637 743
154727 1066
154779 720
154780 711
154783 868
154877 284
154907 304
154972 855
155078 1127
155107 912
155128 341
155135 241
155186 249
155215 838
155217 697
155219 825
155249 26
155279 496
155311 770
155353 466
155475 1148
155483 1000
155525 238
155578 400
155704 362
155735 219
155758 511
155774 132
155779 550
155818 272
155824 377
155833 920
155876 1046
155894 908
155925 983
155969 714
156028 1162
156047 686
156053 323
156135 206
156162 654
156176 116
156336 894
156343 169
156351 1078
156366 474
156374 740
156380 1156
156403 739
156448 179
156468 601
156513 371
156535 262
156608 820
156630 971
156696 99
156711 279
156717 445
156733 614
156741 370
156814 747
156839 624
156894 637
156895 535
156906 246
156988 958
157101 284
157113 230
157117 24
157154 1140
157226 915
157240 157
157346 865
157350 423
157359 432
157394 191
157402 816
157458 912
157502 338
157504 1129
157511 1053
157597 537
157604 153
157633 281
157688 674
157692 712
157778 316
157805 788
157821 1093
157907 907
157936 114
157984 989
158034 717
158064 641
158137 824
158159 135
158188 521
158215 962
158242 206
158243 472
158287 229
158323 546
158350 419
158415 603
158425 756
158429 457
158446 1135
158452 42
158480 857
158567 342
158575 60
158646 803
158677 836
158686 940
158733 778
158758 1136
158793 280
158811 300
158839 358
158885 1042
158980 1050
158990 439
159053 542
159069 531
159075 406
159118 509
159134 748
159138 28
159151 446
159206 146
159207 445
159210 842
159240 619
159356 253
159413 874
159416 920
159448 449
159453 591
159512 668
159611 45
159690 823
159710 369
159723 695
159736 811
159851 194
159905 20
159930 1068
159972 193
159990 833
160005 320
160024 570
160025 113
160089 254
160118 838
160167 653
160211 825
160220 266
160249 961
160263 341
160313 615
160316 951
160318 21
160343 276
160362 301
160392 856
160431 121
160480 950
160595 5
160611 807
160660 1136
160678 580
160686 785
160708 970
160729 1023
160733 332
160749 264
160752 548
160760 751
160798 822
160870 376
160887 717
160904 256
160921 467
160929 977
160931 18
160982 620
161004 35
161011 29
161073 808
161145 1144
161258 346
161265 77
161310 522
161349 547
161354 709
161403 676
161410 250
161460 749
161490 23
161510 819
161511 322
161519 641
161530 500
161557 190
161560 551
161564 103
161610 398
161615 620
161663 1010
161840 1091
161859 920
161881 800
162083 356
162095 715
162107 931
162118 422
162120 629
162195 438
162300 562
162324 93
162419 792
162424 840
162436 287
162487 215
162495 857
162528 31
162536 389
162560 766
162592 1016
162610 1107
162618 606
162638 157
162708 521
162738 502
162761 661
162764 811
162774 138
162797 1077
162804 900
162837 993
162887 1041
162893 960
162910 977
162929 348
162939 466
162962 936
163029 771
163066 379
163076 138
163135 980
163142 633
163145 398
163170 753
163179 882
163195 1064
163224 239
163274 913
163282 717
163302 612
163373 1026
163374 811
163418 824
163433 90
163549 585
163631 950
163671 545
163754 70
163780 373
163826 1148
163834 435
163840 24
163845 242
163853 893
163889 901
163922 655
163975 406
163986 606
164027 458
164048 266
164060 354
164153 915
164161 9
164212 935
164224 669
164271 648
164361 1126
164388 107
164393 961
164454 997
164482 596
164498 471
164559 847
164638 683
164641 480
164693 503
164732 888
164739 1102
164785 11
164827 107
164854 604
164886 612
164906 255
164936 753
164937 548
164958 734
165076 1058
165132 733
165224 485
165266 417
165274 197
165276 1151
165291 8
165334 454
165377 983
165486 305
165506 574
165548 821
165551 443
165593 670
165658 426
165683 906
165698 444
165714 395
165764 160
165801 20
165812 891
166022 801
166068 874
166070 601
166097 44
166144 77
166167 597
166213 740
166282 591
166289 889
166353 880
166377 304
166381 1090
166409 1082
166411 339
166500 436
166501 1101
166502 957
166538 146
166550 313
166555 120
166567 809
166597 116
166609 586
166638 615
166647 553
166657 926
166698 474
166738 385
166750 923
166780 313
166785 782
166792 251
166813 1043
166826 954
166831 589
166910 575
166916 620
166944 603
166950 45
166960 780
166971 91
166987 841
167037 851
167038 686
167051 365
167094 13
167117 1124
167138 477
167149 362
167175 939
167183 63
167342 885
167374 595
167422 982
167447 84
167469 1008
167474 1056
167501 1112
167532 730
167556 1138
167642 326
167769 529
167777 559
167839 627
167888 495
167901 13
167921 386
167967 141
168024 645
168125 449
168156 542
168164 906
168178 962
168218 1161
168236 298
168339 442
168363 1105
168419 902
168436 805
168447 241
168450 751
168457 686
168568 1153
168607 945
168631 780
168637 182
168641 507
168724 575
168733 761
168753 817
168827 517
168829 511
168844 1058
168851 943
168879 597
168917 175
168925 332
168929 246
169073 1085
169116 767
169119 1054
169167 643
169222 318
169273 558
169317 585
169332 226
169359 956
169386 558
169401 75
169425 458
169470 797
169500 53
169551 971
169552 850
169578 808
169636 551
169656 456
169667 871
169673 906
169694 809
169699 807
169708 1135
169717 867
169859 758
169910 608
169911 664
169918 769
169948 1170
169969 758
170009 65
170022 661
170045 947
170142 965
170167 168
170195 53
170252 878
170294 115
170334 1172
170391 828
170424 752
170432 802
170439 496
170452 962
170469 967
170489 169
170556 942
170595 477
170625 774
170633 189
170684 970
170691 748
170718 1103
170760 344
170849 673
171092 688
171099 263
171109 498
171142 717
171150 81
171168 835
171175 372
171198 1080
171239 149
171266 1120
171276 452
171324 581
171338 512
171383 764
171398 393
171431 1130
171456 1027
171464 1145
171487 992
171494 695
171504 1095
171556 703
171575 853
171587 678
171598 327
171662 814
171664 425
171704 492
171755 562
171757 207
171810 848
171814 429
171843 439
171856 144
171863 661
171903 591
171924 612
171927 1113
171936 502
171959 654
171998 462
172007 901
172052 1140
172058 653
172077 305
172119 312
172248 1025
172279 682
172288 1144
172326 551
172350 493
172466 45
172556 91
172695 224
172717 603
172761 251
172837 3
172966 781
173082 201
173090 500
173107 1123
173144 486
173200 382
173385 94
173396 823
173421 988
173425 615
173492 76
173521 1018
173530 128
173545 7
173557 342
173568 1124
173699 561
173705 481
173781 164
173784 381
173897 503
173909 60
173950 28
173979 673
173984 149
174003 249
174044 379
174064 985
174103 558
174108 1171
174129 551
174229 549
174323 164
174390 1007
174400 1152
174406 295
174422 594
174433 168
174457 1063
174497 796
174498 201
174568 896
174589 422
174618 237
174675 900
174682 376
174690 186
174739 218
174750 784
174751 680
174784 269
174840 73
174882 159
174889 314
174890 1083
174983 89
174986 982
175044 693
175051 520
175101 39
175108 1166
175121 526
175126 169
175158 531
175211 798
175212 545
175288 1015
175311 758
175353 1072
175354 771
175416 139
175460 819
175562 403
175634 473
175638 1091
175668 155
175678 74
175688 504
175726 867
175734 444
175781 831
175791 748
175799 1097
175831 1138
175891 800
175922 834
175973 447
175989 892
176030 359
176035 1012
176043 914
176212 612
176271 329
176367 636
176373 1081
176423 1061
176430 505
176434 172
176436 131
176626 882
176668 831
176693 142
176697 370
176756 499
176776 833
176810 305
176848 217
176851 1157
176855 757
176867 665
176918 280
176966 270
176981 1086
176992 578
177073 62
177081 741
177110 416
177154 1082
177161 208
177177 1070
177235 778
177265 30
177311 709
177316 484
177346 583
177472 482
177514 891
177546 137
177582 1106
177612 714
177790 990
177798 708
177805 1165
177828 471
177833 1090
177845 13
177873 1094
177874 422
177898 235
177945 174
177983 885
178009 509
178031 238
178056 234
178061 191
178113 167
178114 875
178121 51
178131 715
178138 238
178220 265
178270 1006
178279 183
178295 544
178379 638
178384 802
178387 699
178394 361
178399 467
178418 365
178425 700
178437 303
178450 618
178461 723
178465 607
178519 72
178562 722
178642 8
178689 369
178709 823
178771 742
178786 1131
178794 687
178804 443
178936 852
178973 225
178985 11
179004 782
179028 883
179038 789
179048 121
179090 17
179130 767
179151 1136
179172 227
179228 149
179255 929
179269 195
179271 863
179276 928
179293 402
179296 511
179346 918
179460 642
179462 757
179516 200
179531 977
179601 41
179662 448
179675 676
179731 560
179736 733
179793 380
179830 670
179850 565
180042 961
180071 508
180101 447
180117 189
180135 60
180259 727
180277 954
180299 548
180334 1047
180354 23
180374 357
180395 736
180479 391
180576 727
180651 502
180654 1059
180663 821
180676 1011
180678 870
180702 931
180707 265
180761 775
180798 570
180823 194
180845 28
180865 6
180898 470
180911 709
180919 39
180923 173
180933 967
180954 168
181029 265
181034 512
181039 689
181047 1157
181056 1102
181076 941
181079 1149
181134 676
181268 562
181388 380
181390 1171
181416 137
181420 840
181436 1110
181443 637
181504 500
181543 340
181561 1032
181627 813
181691 148
181722 399
181806 866
181818 887
181830 359
181838 342
181869 375
181879 234
181897 484
181976 981
181990 137
182005 250
182030 105
182052 1162
182164 448
182200 983
182222 372
182228 514
182229 587
182235 435
182287 506
182321 514
182365 1119
182397 222
182411 651
182452 789
182468 1103
182475 582
182493 244
182513 970
182584 358
182597 247
182618 909
182627 1155
182739 748
182789 471
182800 270
182805 299
182869 402
182900 499
182914 410
182917 910
182927 370
182937 863
182960 867
182986 490
182987 1055
183018 620
183053 1050
183076 756
183100 359
183101 979
183125 235
183128 477
183153 836
183209 1072
183211 1092
183248 415
183257 1128
183260 906
183298 766
183304 875
183329 961
183339 267
183378 926
183443 292
183446 1079
183448 744
183452 205
183453 780
183522 1026
183549 1117
183601 315
183612 63
183620 465
183675 1094
183676 20
183712 707
183769 1120
183825 647
183868 825
183919 987
183950 1039
183970 874
183972 607
183988 1114
184003 1162
184077 234
184086 245
184095 576
184124 94
184141 769
184144 121
184153 1096
184154 106
184175 942
184225 337
184257 490
184263 142
184268 275
184300 674
184306 38
184332 103
184340 968
184351 570
184363 1059
184389 869
184415 780
184474 960
184503 1059
184579 101
184618 825
184632 412
184636 642
184656 335
184704 131
184766 1135
184770 501
184771 442
184780 415
184843 669
184852 505
184863 957
184866 183
184898 816
184899 638
184947 898
184956 183
184959 433
184997 691
185030 570
185068 606
185087 993
185178 599
185186 231
185249 103
185295 143
185318 93
185406 721
185414 672
185425 347
185428 109
185430 428
185439 210
185481 1118
185527 458
185545 552
185620 1049
185632 999
185648 636
185649 318
185680 958
185695 175
185767 389
185813 156
185888 88
185905 27
185910 576
185925 490
185960 145
185974 515
185997 951
186074 495
186112 269
186122 131
186169 380
186184 472
186188 911
186213 44
186216 372
186221 18
186236 704
186237 659
186240 501
186364 894
186389 411
186396 77
186401 133
186422 1017
186435 895
186558 135
186560 425
186583 267
186587 83
186596 292
186611 514
186620 918
186621 356
186634 154
186675 380
186746 332
186781 113
186794 981
186801 983
186839 650
186868 801
186903 807
186904 220
186983 218
186992 215
187010 761
187040 822
187057 775
187104 929
187146 118
187182 24
187229 919
187243 718
187411 244
187423 644
187475 0
187482 584
187483 477
187500 273
187534 702
187569 370
187576 434
187619 1033
187634 614
187669 133
187700 423
187704 469
187708 593
187712 838
187724 808
187747 386
187823 26
187838 370
187856 714
187984 42
187994 349
188003 761
188004 162
188030 952
188034 227
188040 320
188068 373
188116 711
188135 578
188222 173
188231 66
188232 753
188246 561
188255 416
188278 622
188311 906
188317 819
188394 239
188403 848
188416 540
188488 722
188489 252
188505 776
188540 1042
188569 964
188644 1014
188711 1111
188733 294
188750 891
188779 1105
188789 303
188828 550
188927 734
188962 262
188975 18
189011 288
189042 868
189061 31
189077 158
189155 1
189255 965
189319 980
189365 438
189367 232
189371 811
189375 496
189470 1003
189540 1063
189560 663
189564 974
189591 957
189593 250
189618 630
189626 1124
189661 183
189763 738
189886 968
189905 880
189912 646
190006 390
190014 104
190058 227
190149 761
190152 498
190159 271
190168 933
190169 389
190198 1020
190207 659
190231 475
190254 201
190269 408
190301 159
190326 220
190328 1033
190345 203
190377 732
190380 336
190421 636
190443 1121
190494 348
190498 358
190527 0
190552 199
190576 1126
190613 838
190626 47
190639 564
190667 632
190693 551
190805 867
190808 698
190869 463
190881 469
190953 324
190960 226
190970 386
190991 1041
191003 62
191004 1024
191048 690
191062 926
191151 986
191166 562
191182 994
191201 171
191300 52
191313 428
191329 290
191361 705
191379 1081
191464 1101
191516 306
191673 1017
191677 7
191707 848
191721 477
191755 242
191804 166
191834 743
191862 891
191890 746
191935 1103
191940 221
191972 901
192003 662
192041 666
192055 1127
192081 284
192084 666
192146 960
192232 313
192252 165
192253 731
192297 805
192304 604
192314 998
192324 255
192384 522
192400 581
192407 41
192408 1070
192437 510
192502 193
192538 1137
192580 631
192629 782
192681 316
192733 1006
192804 660
192829 126
192831 964
192932 418
192933 952
192984 523
192995 17
193015 431
193098 100
193149 940
193158 564
193204 1154
193230 763
193285 972
193304 800
193344 26
193352 973
193355 58
193404 536
193407 705
193416 629
193492 321
193502 236
193505 92
193518 657
193565 398
193592 391
193740 473
193745 528
193747 1037
193767 368
193806 673
193820 591
193821 533
193824 340
193975 16
194001 11
194011 898
194014 433
194060 551
194144 637
194196 596
194262 938
194339 47
194348 1171
194430 848
194441 749
194452 794
194456 385
194460 291
194490 144
194499 213
194503 648
194596 291
194677 840
194717 998
194726 619
194740 161
194752 319
194758 678
194768 120
194779 685
194822 703
194831 1038
194914 461
194918 640
194941 465
194982 763
195076 792
195148 1021
195163 723
195203 766
195207 96
195256 554
195269 1136
195270 733
195272 414
195279 954
195376 552
195414 1033
195477 977
195494 448
195502 181
195503 210
195559 1092
195560 262
195585 906
195651 812
195712 783
195717 244
195749 255
195806 831
195832 51
195855 614
195878 261
195894 445
195895 975
195940 336
196076 932
196095 958
196136 605
196137 321
196147 1076
196255 167
196283 155
196296 261
196309 218
196394 1080
196402 533
196420 874
196455 997
196459 859
196495 1041
196530 800
196551 568
196567 2
196590 800
196600 520
196633 508
196681 921
196690 155
196803 214
196804 237
196836 586
196929 368
196942 85
196943 36
197046 78
197084 754
197109 215
197110 650
197149 860
197208 179
197223 327
197229 193
197231 508
197242 43
197272 413
197280 296
197340 218
197366 236
197375 720
197383 258
197419 1093
197482 274
197485 1073
197534 968
197567 744
197690 37
197767 188
197774 1148
197802 581
197809 994
197818 543
197856 517
197929 822
197962 158
198043 383
198045 921
198071 215
198109 410
198122 1155
198264 448
198336 175
198363 1028
198406 88
198477 1119
198558 172
198575 731
198603 525
198626 339
198629 774
198636 493
198677 1168
198804 1067
198842 389
198922 55
198934 1065
198951 252
198952 12
198955 940
198957 1155
199001 11
199005 203
199036 845
199066 186
199106 960
199113 159
199138 256
199141 535
199219 527
199234 1130
199280 333
199295 1151
199308 474
199310 169
199331 69
199404 587
199410 86
199414 1071
199451 343
199533 481
199536 171
199561 771
199575 779
199578 329
199581 574
199589 1033
199636 748
199699 136
199700 1099
199709 625
199892 188
199893 221
199901 197
199904 1091
199923 30
199936 672
199942 1041
199950 629
199975 403
200029 782
200086 72
200111 712
200149 482
200190 870
200203 1155
200213 405
200218 362
200242 446
200262 746
200273 1100
200307 765
200329 980
200353 870
200367 109
200369 222
200414 1079
200423 361
200446 1115
200486 295
200523 79
200531 1136
200547 449
200557 1111
200602 886
200629 88
200666 290
200707 241
200709 315
200803 534
200817 40
200850 143
200948 1052
200965 566
201025 175
201067 635
201074 1140
201096 740
201109 925
201136 139
201161 191
201167 280
201183 1082
201201 580
201207 461
201302 650
201319 698
201354 448
201375 126
201438 399
201447 704
201515 557
201542 461
201545 1088
201551 803
201552 852
201612 284
201719 304
201724 482
201768 418
201819 826
201896 272
201907 690
201937 930
201974 563
201978 1119
201980 19
201997 766
202013 628
202040 694
202047 737
202059 82
202124 335
202136 42
202174 99
202189 588
202238 357
202280 105
202351 408
202419 691
202475 19
202499 1065
202500 1141
202526 519
202548 168
202549 857
202596 416
202647 755
202679 153
202715 395
202722 86
202780 5
202795 671
202798 318
202878 1146
202940 877
203104 474
203138 32
203153 256
203173 1041
203187 594
203217 158
203279 492
203327 588
203352 538
203410 898
203434 795
203480 1067
203489 1014
203495 200
203553 50
203632 981
203650 674
203713 968
203763 393
203802 183
203860 390
203870 825
203914 81
203921 356
203944 52
203946 71
203986 986
204098 1142
204136 179
204140 643
204146 74
204161 754
204193 293
204213 507
204241 214
204269 501
204292 1031
204296 315
