#io generator
#numio=3818 maxtracks=677 lambda=2.800000
1 314
130 505
188 113
212 12
305 42
432 326
568 262
576 74
602 316
704 300
721 481
805 585
971 223
999 554
1023 524
1040 192
1110 658
1235 561
1256 607
1315 231
1410 56
1428 113
1443 241
1488 455
1500 637
1633 593
1706 516
1816 5
1823 441
1847 627
1884 363
1899 61
1946 60
2089 533
2277 352
2286 519
2346 254
2498 548
2581 293
2624 607
2655 257
2748 36
2758 411
2762 170
2782 251
2795 465
2933 263
3027 283
3070 472
3085 315
3101 227
3118 556
3197 114
3261 299
3321 76
3348 662
3392 76
3394 431
3475 63
3605 663
3646 45
3717 253
3757 302
3855 634
3865 0
3899 244
3926 431
3939 31
4041 551
4085 277
4232 561
4264 285
4419 284
4423 448
4470 642
4536 664
4537 209
4566 321
4655 101
4690 609
4700 551
4720 328
4759 301
4808 175
4828 14
4899 126
5014 39
5075 536
5118 451
5158 672
5220 64
5398 428
5432 224
5439 109
5482 351
5486 428
5513 218
5521 532
5613 440
5616 17
5688 484
5704 354
5797 555
5822 170
5866 521
5884 70
6005 149
6089 183
6141 570
6178 23
6207 335
6278 470
6383 532
6426 396
6464 357
6525 74
6543 558
6608 10
6675 642
6695 90
6776 347
6794 396
6878 659
6995 193
7100 196
7125 121
7221 670
7345 408
7439 241
7453 145
7581 542
7607 85
7671 648
7681 184
7818 277
7852 424
7997 435
8012 443
8074 46
8229 294
8258 178
8319 96
8338 330
8425 20
8538 633
8556 493
8641 385
8758 246
8807 675
8872 294
8906 28
8910 223
8984 184
9171 205
9198 628
9283 473
9297 237
9410 301
9521 399
9563 462
9612 487
9647 177
9669 181
9732 552
9752 177
9771 456
9795 211
9986 396
10177 198
10324 621
10326 424
10333 258
10375 376
10391 40
10393 611
10450 508
10475 573
10477 394
10519 579
10634 497
10641 354
10643 284
10692 20
10740 218
10890 295
10919 378
10970 497
10972 69
11135 60
11144 580
11216 598
11228 352
11374 511
11569 528
11629 493
11758 86
11850 207
11918 540
11943 117
11951 165
12012 321
12113 105
12128 564
12148 110
12293 265
12294 405
12315 130
12323 136
12482 76
12666 373
12778 588
12851 413
12864 226
12898 330
12944 357
13028 79
13078 184
13093 251
13142 253
13165 626
13198 605
13213 397
13247 362
13256 261
13262 655
13281 519
13337 293
13344 667
13488 412
13535 443
13617 350
13631 676
13714 381
13763 70
13881 308
13926 509
13995 58
14086 42
14149 604
14188 480
14307 477
14349 297
14359 391
14395 40
14408 636
14488 618
14528 614
14668 127
14710 300
14733 223
14867 536
14872 377
14997 574
15059 338
15144 46
15159 406
15252 464
15254 618
15274 315
15451 305
15485 466
15515 585
15574 187
15577 45
15658 233
15691 419
15700 324
15713 10
15739 539
15786 46
15907 492
15978 434
16013 480
16066 459
16078 358
16087 392
16103 335
16142 552
16235 336
16362 333
16475 190
16483 663
16573 196
16770 60
16776 347
16787 646
16805 559
16864 442
16914 102
16940 481
17013 312
17036 609
17200 498
17280 493
17297 406
17313 51
17439 227
17442 434
17506 36
17589 483
17643 601
17714 545
17794 179
17834 170
17869 535
18037 65
18056 171
18254 141
18445 483
18598 151
18623 108
18646 131
18691 241
18802 82
18837 384
18947 661
18987 341
19082 115
19174 164
19210 125
19212 260
19234 193
19300 188
19345 425
19538 292
19654 207
19712 103
19757 59
19804 227
19819 623
19955 30
20088 243
20140 461
20189 215
20334 645
20380 648
20407 530
20425 661
20429 500
20489 37
20501 310
20530 516
20591 583
20706 82
20720 40
20722 68
20729 637
20769 442
20832 671
21007 369
21164 320
21210 191
21229 505
21249 217
21292 586
21323 444
21349 498
21385 633
21444 183
21448 538
21474 68
21607 294
21609 242
21615 449
21643 39
21658 200
21708 482
21764 535
21804 568
21811 640
21889 329
21949 20
21965 14
22137 555
22160 16
22222 421
22231 347
22234 113
22357 97
22466 151
22481 28
22529 498
22618 67
22667 145
22821 431
22832 437
22840 516
22912 234
23008 435
23020 51
23091 530
23167 537
23190 511
23358 114
23492 537
23525 69
23635 617
23746 399
23776 545
23938 0
24109 405
24117 492
24138 318
24185 622
24250 398
24307 284
24329 258
24409 28
24437 599
24592 93
24613 28
24790 128
24916 381
24931 165
24961 104
24979 226
25067 249
25071 19
25182 388
25341 322
25352 362
25484 303
25626 414
25670 177
25715 291
25749 524
25791 253
25961 239
26114 112
26173 207
26198 571
26264 49
26280 476
26287 35
26308 32
26357 297
26414 286
26543 339
26545 256
26636 359
26739 111
26763 191
26813 182
26878 322
26916 159
27011 512
27016 286
27124 198
27133 629
27161 274
27342 590
27456 381
27479 497
27483 223
27491 561
27610 625
27805 113
27820 360
27858 571
27982 54
28079 427
28090 144
28130 306
28157 264
28256 505
28286 453
28344 631
28515 221
28714 200
28752 560
28763 246
28869 220
28924 238
29015 280
29044 432
29089 101
29110 443
29140 493
29147 477
29155 613
29194 331
29250 30
29286 367
29317 284
29428 551
29447 675
29460 45
29486 506
29522 59
29534 528
29616 445
29765 674
29790 199
29872 284
29985 220
30025 226
30160 338
30249 301
30372 119
30394 464
30430 190
30550 332
30610 415
30749 469
30843 468
30879 294
30942 281
31029 622
31039 113
31183 667
31227 253
31252 268
31376 51
31488 505
31507 84
31544 457
31578 201
31590 7
31730 52
31808 466
31900 84
31908 266
31958 589
31983 460
31985 158
32055 360
32116 667
32264 326
32268 521
32285 213
32417 447
32609 203
32776 106
32801 590
32819 11
32872 4
32882 463
32916 460
32969 483
32998 402
33157 18
33166 375
33169 24
33174 559
33194 265
33275 627
33307 14
33435 365
33462 513
33555 238
33580 529
33624 2
33637 117
33690 606
33740 105
33853 380
33875 269
33931 229
33968 441
33980 473
33983 599
34046 288
34184 347
34356 164
34377 502
34435 399
34483 59
34541 477
34561 104
34620 538
34644 300
34673 400
34785 632
34934 186
34991 65
35169 426
35354 407
35357 603
35365 16
35374 260
35465 493
35643 195
35748 385
35943 52
36024 402
36147 21
36149 156
36212 595
36224 376
36235 509
36303 88
36335 429
36418 297
36467 573
36508 447
36525 154
36557 139
36605 524
36652 191
36697 72
36708 359
36718 263
36729 16
36782 481
36795 207
36825 210
36900 675
36902 87
36950 602
37008 125
37016 555
37071 221
37098 528
37105 576
37109 407
37274 149
37283 69
37344 194
37353 111
37552 207
37594 244
37656 108
37685 447
37707 598
37759 596
37763 454
37840 434
38041 27
38077 69
38207 329
38285 574
38363 565
38524 214
38532 53
38575 81
38607 644
38650 2
38658 569
38728 271
38810 145
38832 536
38960 665
38997 599
38998 580
39187 618
39215 468
39305 34
39354 483
39384 440
39482 573
39575 121
39675 171
39688 617
39694 574
39719 554
39723 402
39784 643
39840 31
39950 406
40086 557
40133 167
40180 187
40203 29
40395 449
40471 531
40518 315
40688 210
40769 101
40785 551
40984 362
41049 41
41058 165
41136 196
41250 207
41264 454
41370 297
41383 65
41468 154
41474 271
41619 591
41759 262
41870 152
41877 668
41916 624
42104 665
42157 32
42165 541
42169 554
42175 614
42184 191
42240 640
42321 517
42323 311
42517 89
42636 620
42729 206
42842 675
42877 563
42916 226
43021 290
43151 586
43202 467
43349 244
43444 564
43488 42
43523 293
43619 119
43661 166
43673 412
43680 58
43742 596
43774 310
43900 543
43923 220
43933 73
44022 19
44200 201
44281 610
44350 337
44434 99
44488 100
44544 235
44570 38
44628 335
44698 473
44755 190
44811 658
44896 311
44989 20
45085 618
45095 365
45250 78
45361 446
45362 335
45373 510
45439 488
45574 150
45578 154
45600 448
45682 641
45711 207
45728 638
45749 655
45783 36
45982 126
46154 93
46236 615
46255 381
46310 183
46314 492
46315 475
46354 627
46500 350
46511 139
46524 595
46535 366
46548 257
46591 314
46619 599
46667 234
46672 328
46715 541
46748 498
46778 651
46814 467
46816 84
46826 649
46829 444
46837 172
46947 673
46981 255
46994 533
47113 436
47122 504
47134 326
47239 439
47410 418
47413 475
47596 4
47675 273
47751 502
47800 566
47877 391
47921 552
48031 223
48134 163
48212 671
48214 383
48279 111
48304 542
48371 88
48410 415
48497 334
48522 493
48567 18
48576 134
48668 447
48670 319
48688 358
48710 48
48828 67
48853 383
48859 231
48868 492
48914 301
48963 104
49019 662
49111 219
49153 57
49156 659
49164 126
49176 597
49290 141
49319 58
49404 435
49415 405
49501 318
49513 564
49616 201
49670 216
49756 60
49798 215
49802 164
49868 366
49894 472
49941 297
50069 466
50094 495
50227 457
50332 431
50357 660
50375 42
50414 270
50546 174
50622 309
50678 296
50729 35
50818 416
50841 271
50852 421
50858 454
50862 665
50891 259
50971 174
50975 360
51107 257
51153 88
51191 645
51240 228
51255 153
51354 534
51424 231
51536 285
51700 91
51806 76
51895 622
51991 554
52126 97
52141 417
52175 178
52185 201
52251 444
52287 57
52348 647
52384 555
52397 147
52458 574
52511 305
52532 349
52589 62
52653 233
52688 111
52829 376
52859 359
53025 427
53098 172
53119 227
53192 243
53350 432
53446 519
53552 1
53583 454
53637 561
53792 52
53827 22
53905 515
53908 80
54054 650
54126 198
54170 429
54316 116
54446 134
54492 387
54545 308
54560 232
54576 23
54604 406
54682 613
54719 437
54904 572
54977 466
55037 489
55139 360
55213 327
55321 118
55329 508
55357 4
55518 580
55574 345
55599 535
55715 362
55822 133
55831 358
55838 383
55850 58
55885 577
55979 13
56035 396
56087 176
56091 257
56129 126
56138 530
56152 55
56218 522
56276 645
56330 300
56374 261
56440 423
56582 503
56596 61
56705 408
56862 411
56925 353
56939 120
57034 176
57087 148
57126 465
57192 521
57259 279
57288 404
57466 545
57472 245
57511 482
57532 129
57668 250
57669 344
57694 426
57703 566
57809 210
57871 56
57992 567
58041 376
58153 116
58179 328
58236 464
58241 379
58285 116
58430 634
58558 135
58567 534
58622 101
58645 599
58740 291
58821 407
58906 231
58980 412
58993 146
59005 15
59037 331
59083 659
59095 400
59145 451
59236 308
59296 438
59365 496
59403 154
59530 498
59538 449
59550 566
59570 614
59583 643
59630 243
59642 460
59674 377
59686 602
59735 233
59778 43
59796 352
59858 605
59871 235
59897 275
59914 45
59962 605
59979 241
59990 96
60040 75
60109 605
60131 229
60152 566
60198 112
60228 577
60295 292
60415 605
60578 325
60675 89
60783 81
60833 41
60846 39
61010 285
61045 79
61099 643
61116 150
61229 344
61282 82
61310 46
61332 482
61477 633
61487 532
61596 67
61616 418
61633 66
61718 521
61729 627
61837 77
61865 165
61882 617
61896 311
61905 26
62078 470
62089 212
62180 303
62181 464
62213 117
62255 145
62276 501
62386 342
62497 387
62518 675
62563 71
62571 572
62599 233
62688 368
62789 603
62846 523
62903 504
62909 236
62923 78
62925 391
62947 343
63045 382
63064 423
63068 59
63082 235
63087 470
63127 133
63178 544
63229 202
63257 234
63271 631
63279 526
63351 140
63360 589
63386 109
63425 416
63496 163
63509 621
63630 169
63634 405
63640 513
63643 194
63666 581
63774 405
63789 117
63886 95
63909 383
64014 339
64090 466
64197 579
64206 298
64254 256
64317 299
64335 589
64374 208
64416 364
64420 354
64527 247
64559 442
64729 399
64837 511
64920 81
64945 372
65008 10
65026 302
65148 255
65277 267
65366 343
65477 676
65508 194
65532 574
65639 253
65670 440
65755 511
65779 477
65807 88
65847 53
65866 529
65930 590
66029 587
66054 452
66072 139
66076 676
66155 611
66356 62
66370 208
66525 10
66598 212
66668 285
66672 656
66681 282
66688 397
66733 238
66763 84
66780 112
66974 367
67084 160
67171 609
67189 313
67290 160
67343 672
67394 335
67411 547
67483 439
67608 436
67702 200
67789 245
67887 66
67970 620
67996 608
68134 585
68218 99
68280 429
68312 52
68350 420
68414 291
68426 85
68464 265
68615 76
68617 550
68706 552
68713 341
68726 610
68786 616
68891 626
68993 493
69090 367
69214 274
69227 175
69270 416
69396 76
69399 30
69417 328
69455 117
69514 323
69702 241
69725 65
69844 320
70045 314
70077 554
70109 130
70161 121
70245 286
70302 618
70375 44
70424 380
70437 389
70498 282
70502 30
70560 446
70608 391
70609 553
70681 594
70703 456
70730 455
70774 494
70895 28
71034 407
71075 334
71122 99
71175 30
71254 500
71317 215
71328 461
71358 506
71385 600
71411 241
71489 0
71506 673
71578 389
71649 114
71673 361
71688 146
71697 458
71776 442
71883 183
71959 361
71984 577
71996 0
72012 619
72039 70
72057 472
72159 163
72309 544
72451 343
72493 58
72597 4
72620 20
72630 659
72715 539
72815 8
72860 225
72861 551
72874 129
72978 272
72985 106
73031 235
73148 213
73206 532
73214 342
73237 400
73295 72
73354 603
73363 502
73484 593
73534 450
73664 22
73864 618
73978 124
73985 449
74042 143
74148 63
74201 457
74235 100
74276 357
74344 512
74352 167
74472 485
74482 0
74522 2
74647 674
74718 519
74720 452
74793 594
74909 531
74960 297
75158 246
75208 376
75210 637
75287 340
75328 242
75348 398
75408 83
75432 503
75440 516
75527 0
75617 282
75709 534
75715 303
75786 634
75803 142
75834 155
75889 616
75985 416
76101 330
76109 218
76223 255
76362 305
76407 145
76421 421
76601 637
76664 499
76693 264
76742 300
76853 132
76885 48
76919 514
76943 663
77014 58
77073 354
77128 482
77242 285
77248 512
77371 399
77547 44
77563 643
77674 465
77704 154
77720 548
77724 277
77738 93
77842 644
77880 538
77943 356
77976 99
77983 70
78178 353
78192 508
78225 530
78307 311
78505 456
78546 563
78575 565
78579 390
78646 86
78833 567
78853 542
78950 478
79009 279
79026 668
79079 226
79085 374
79202 193
79226 169
79230 19
79309 44
79386 122
79519 44
79520 649
79586 448
79592 424
79637 238
79674 197
79678 16
79756 197
79776 423
79783 554
79826 264
79834 496
79874 103
79912 355
80029 422
80065 623
80131 259
80185 204
80226 128
80327 556
80389 64
80515 435
80615 116
80684 44
80783 515
80911 189
80922 5
80983 108
81023 92
81024 55
81077 634
81158 638
81203 16
81238 467
81346 157
81370 625
81378 644
81460 193
81521 534
81526 249
81598 245
81646 461
81677 88
81790 563
81810 581
81950 559
82049 430
82141 201
82210 121
82399 331
82434 200
82469 356
82488 92
82591 579
82737 606
82754 404
82774 503
82795 428
82919 82
82960 95
83144 256
83316 527
83317 498
83322 457
83463 43
83475 223
83504 390
83621 412
83700 453
83741 432
83795 467
83813 557
83850 349
83890 209
83956 623
83995 419
84018 283
84051 213
84062 321
84254 47
84305 105
84338 610
84422 173
84469 302
84615 661
84620 331
84691 217
84716 69
84827 521
84862 321
84937 583
84943 671
84965 334
84989 294
85163 201
85209 345
85248 611
85283 125
85294 625
85358 56
85492 484
85547 384
85549 600
85620 591
85689 55
85717 235
85874 300
85901 152
86054 437
86123 614
86279 110
86314 268
86318 561
86375 152
86463 145
86487 442
86636 598
86652 654
86745 603
86857 290
87033 128
87127 620
87192 79
87202 386
87293 541
87336 479
87505 607
87512 20
87594 465
87613 325
87748 383
87757 562
87796 240
87896 150
87914 432
87982 147
88090 289
88099 312
88150 186
88152 209
88157 346
88158 26
88193 82
88197 92
88299 220
88361 480
88492 508
88543 231
88550 230
88604 238
88786 145
88841 546
88907 476
88928 127
89109 204
89154 36
89258 348
89264 151
89329 110
89358 301
89402 661
89413 257
89496 471
89577 565
89579 194
89592 10
89637 511
89744 97
89784 63
89810 297
89843 561
89887 142
89915 397
89952 663
90040 538
90076 162
90169 392
90232 339
90253 232
90280 212
90344 353
90370 88
90391 104
90412 499
90431 411
90444 435
90482 454
90598 528
90618 195
90708 5
90713 125
90732 579
90823 587
90852 28
90868 470
90897 569
90913 463
91090 335
91201 168
91218 57
91335 278
91418 197
91423 394
91428 230
91551 563
91579 646
91580 404
91683 530
91724 114
91831 459
91951 122
91999 54
92119 333
92175 475
92261 549
92358 404
92374 350
92504 207
92511 651
92578 657
92677 674
92824 550
92882 499
92941 40
93078 285
93163 521
93223 174
93339 316
93427 290
93439 334
93457 649
93463 313
93505 664
93597 390
93753 282
93805 500
93840 321
93892 5
93908 101
93912 81
93967 545
94097 118
94101 503
94167 552
94179 550
94203 278
94296 271
94420 167
94452 436
94559 221
94563 253
94567 321
94682 419
94725 42
94817 372
94830 231
94859 50
94906 285
95011 107
95029 669
95205 371
95239 503
95399 187
95592 224
95736 553
95805 665
95819 490
95859 27
95887 636
95894 76
95938 193
95978 573
96007 657
96027 120
96036 342
96048 69
96051 384
96165 2
96278 567
96305 518
96373 672
96460 572
96540 140
96668 41
96678 669
96690 431
96711 425
96754 429
96813 509
96916 494
96936 663
97046 211
97098 460
97123 265
97171 441
97182 118
97249 614
97250 245
97258 614
97294 177
97427 405
97561 116
97578 259
97680 559
97689 419
97742 266
97801 265
97879 99
97884 14
97935 401
98007 472
98099 216
98159 534
98232 488
98308 72
98493 402
98571 596
98662 631
98682 387
98772 270
98786 215
98884 535
98963 337
99116 530
99164 323
99195 131
99208 97
99255 530
99405 132
99451 426
99475 329
99492 5
99522 670
99677 428
99731 474
99733 511
99734 557
99786 494
99811 329
99858 569
100028 602
100030 95
100032 371
100178 655
100264 290
100323 32
100465 557
100468 192
100572 675
100714 255
100791 642
100800 486
100893 460
100932 64
100944 651
101096 88
101212 657
101233 599
101281 133
101397 179
101461 305
101486 367
101507 249
101615 59
101645 504
101686 43
101762 404
101857 317
101878 156
101932 301
101946 338
102002 29
102044 574
102193 671
102196 530
102215 455
102233 384
102249 345
102401 30
102460 203
102557 43
102587 328
102657 100
102820 636
102851 349
102883 386
102884 651
102946 329
103049 369
103092 581
103118 497
103167 382
103191 506
103196 161
103294 455
103345 394
103430 613
103434 270
103437 14
103464 292
103514 491
103567 466
103629 28
103674 109
103722 242
103766 173
103896 37
103949 431
103958 540
103995 544
104022 8
104073 164
104078 637
104101 69
104123 493
104189 5
104272 133
104348 235
104366 132
104413 514
104466 1
104467 300
104471 389
104476 128
104507 347
104702 481
104751 362
104914 411
104956 170
105035 513
105218 238
105309 481
105361 313
105365 533
105434 386
105486 145
105541 382
105610 427
105620 501
105726 347
105745 551
105762 528
105790 121
105822 560
105859 66
105916 278
105955 239
105963 676
106068 124
106165 322
106254 227
106329 222
106463 236
106630 27
106636 528
106688 233
106747 526
106756 640
106921 347
107014 262
107075 243
107175 42
107254 624
107258 358
107265 575
107384 126
107460 128
107466 30
107476 85
107485 630
107558 324
107607 309
107667 319
107702 79
107720 542
107803 409
107863 536
107888 354
108005 573
108069 477
108185 333
108315 371
108388 661
108446 563
108453 493
108544 531
108559 196
108577 551
108668 444
108818 6
108858 448
108920 40
108960 631
109017 209
109112 145
109177 479
109314 123
109346 597
109440 151
109629 342
109818 523
109898 188
109899 358
109901 454
109942 34
109951 83
110021 127
110077 405
110170 600
110201 668
110336 8
110412 546
110426 58
110501 657
110525 459
110567 201
110606 129
110662 315
110743 417
110752 123
110823 180
110847 225
110887 599
111037 154
111130 210
111146 457
111172 617
111215 351
111415 117
111459 208
111575 654
111635 205
111646 123
111738 595
111838 613
111842 316
111854 250
111954 424
111973 496
112090 19
112093 48
112171 249
112357 126
112486 665
112515 256
112538 143
112566 607
112613 341
112618 191
112650 594
112664 302
112692 244
112797 99
112988 49
113114 572
113121 626
113263 545
113286 610
113479 123
113607 237
113660 119
113714 613
113719 52
113754 104
113783 537
113785 372
113803 256
113942 40
113991 609
114000 275
114086 158
114112 449
114114 423
114168 21
114270 304
114302 249
114366 639
114387 475
114388 463
114505 258
114548 602
114698 487
114719 570
114814 538
114900 617
114915 331
114925 361
114936 125
114947 486
114963 655
114975 406
115002 538
115053 413
115098 383
115121 239
115281 524
115299 596
115344 347
115426 186
115450 316
115464 345
115629 226
115632 74
115680 137
115788 499
115800 674
115827 343
115925 597
115933 196
115972 281
116039 270
116053 601
116075 464
116109 2
116277 481
116319 101
116335 290
116378 179
116428 2
116469 248
116555 433
116585 53
116595 105
116763 180
116802 278
116875 62
116978 590
117161 61
117214 259
117220 352
117226 383
117297 213
117494 103
117550 361
117561 32
117695 608
117769 178
117950 565
117986 637
117993 587
118022 531
118188 110
118257 635
118276 145
118301 236
118385 281
118527 274
118610 617
118663 210
118702 484
118731 234
118793 31
118854 402
118981 21
119031 667
119165 601
119257 580
119260 289
119359 207
119425 80
119494 255
119544 387
119639 179
119682 231
119738 629
119742 632
119763 455
119947 601
119967 585
120110 544
120225 553
120300 420
120372 504
120375 319
120378 467
120436 479
120440 85
120462 576
120495 517
120509 655
120585 170
120720 657
120866 599
120984 130
121072 527
121270 406
121329 466
121345 184
121382 182
121468 328
121634 227
121648 18
121689 320
121814 578
121832 49
121939 631
121965 491
122101 168
122162 517
122200 245
122251 296
122420 94
122429 125
122464 379
122504 105
122507 279
122551 162
122589 646
122668 216
122771 644
122804 429
122932 484
122961 534
123131 658
123184 275
123211 65
123324 201
123342 657
123385 438
123435 634
123536 391
123564 200
123669 535
123688 359
123695 42
123738 340
123814 249
123830 38
123841 124
123843 482
123901 246
124004 294
124074 31
124108 97
124183 635
124188 336
124235 291
124333 226
124349 30
124470 225
124477 236
124587 544
124668 37
124787 593
124805 603
124863 561
124882 270
124902 620
124941 454
124945 94
125006 95
125071 86
125126 290
125167 536
125209 223
125218 393
125291 650
125323 269
125324 166
125345 173
125354 585
125360 265
125380 237
125404 481
125405 249
125520 428
125566 329
125656 53
125797 151
125920 263
125972 675
126147 157
126313 241
126377 660
126437 612
126454 501
126546 215
126555 23
126626 297
126713 469
126815 403
126841 214
126846 59
126879 676
126903 181
126935 585
126955 243
126961 153
127041 492
127056 216
127121 294
127125 273
127213 129
127251 287
127315 125
127323 297
127418 300
127507 585
127556 102
127676 570
127712 171
127790 464
127851 544
127991 222
128040 77
128107 111
128159 479
128214 205
128348 4
128431 359
128445 572
128619 659
128641 491
128752 556
128877 476
128947 201
129111 252
129297 385
129310 607
129443 479
129494 590
129548 171
129586 586
129597 302
129655 462
129721 298
129789 415
129872 257
129911 375
129931 105
129947 376
129955 400
130006 460
130098 296
130154 322
130193 84
130221 7
130252 534
130377 359
130395 319
130411 593
130551 587
130595 436
130614 638
130628 342
130635 282
130639 142
130699 603
130793 26
130834 171
130878 401
130938 338
131113 264
131144 339
131208 576
131288 340
131379 395
131574 276
131683 633
131744 229
131746 17
131780 165
131782 1
131791 549
131793 409
131797 359
131811 451
131813 114
131816 277
131887 463
131907 262
131920 16
132095 122
132132 544
132140 27
132150 102
132154 367
132187 68
132238 360
132378 396
132387 662
132395 227
132462 100
132508 475
132561 119
132593 553
132647 388
132760 362
132849 186
132876 590
132901 325
132902 260
132903 285
132946 384
133109 270
133120 61
133151 183
133187 16
133223 631
133305 660
133312 76
133410 454
133484 430
133499 298
133639 369
133664 155
133665 228
133727 32
133817 67
133879 482
133924 520
134025 595
134027 156
134162 310
134174 425
134211 184
134296 154
134453 289
134573 102
134695 526
134771 123
134852 352
134915 521
134937 488
134969 672
134985 105
135084 68
135098 20
135166 131
135231 59
135272 253
135297 278
135398 122
135452 454
135618 175
135735 654
135918 254
135975 508
136044 209
136053 440
136103 198
136142 429
136186 324
136252 97
136324 184
136341 94
136408 371
136460 304
136543 76
136551 466
136581 660
136650 238
136678 164
136685 5
136737 162
136806 58
136856 72
136937 16
136994 242
137006 175
137070 270
137103 187
137262 642
137344 459
137348 574
137378 293
137485 16
137581 118
137601 601
137614 556
137623 569
137761 449
137920 425
137994 361
138182 578
138280 417
138299 129
138431 137
138441 420
138568 137
138609 169
138674 198
138695 285
138736 366
138760 442
138790 296
138835 183
138842 299
138976 534
139156 599
139223 521
139269 608
139437 269
139444 69
139445 666
139469 331
139487 636
139582 345
139611 170
139614 454
139750 280
139757 270
139831 143
139944 395
140050 318
140117 399
140293 368
140345 250
140412 443
140444 428
140610 594
140731 609
140801 255
140821 618
140858 631
140963 571
140965 148
141014 171
141018 77
141037 597
141094 609
141136 376
141175 17
141322 62
141395 214
141477 432
141491 401
141541 580
141716 542
141808 270
141892 399
141910 525
142012 523
142014 589
142143 193
142231 318
142244 152
142245 427
142264 645
142346 630
142367 304
142422 315
142424 74
142450 8
142589 63
142624 437
142697 444
142733 332
142770 306
142800 214
142885 78
142982 624
143009 551
143062 400
143154 188
143202 26
143284 63
143330 520
143345 560
143440 77
143584 132
143674 408
143790 123
143796 190
143861 309
143920 251
143975 261
143998 618
144013 574
144059 656
144068 19
144184 83
144231 422
144257 230
144291 298
144311 406
144326 585
144365 260
144532 496
144533 282
144560 264
144752 486
144826 612
144969 362
145004 601
145074 298
145207 349
145261 278
145271 602
145359 369
145385 8
145395 361
145520 405
145663 567
145690 634
145709 450
145735 166
145767 9
145778 204
145830 380
145844 143
145850 492
145904 338
146025 308
146044 279
146140 178
146193 216
146203 106
146221 663
146265 119
146282 105
146328 325
146378 351
146442 569
146446 131
146448 189
146462 82
146552 420
146676 147
146799 195
146808 573
146834 188
146888 175
146933 500
146977 440
146995 659
147009 517
147069 21
147178 542
147182 76
147381 126
147389 514
147491 675
147671 460
147693 664
147798 90
147822 65
147832 588
147861 428
147922 574
147944 577
148051 320
148113 291
148159 304
148176 385
148230 154
148319 464
148508 381
148581 653
148599 655
148757 41
148764 171
148775 162
148783 346
148906 496
148935 106
148992 124
149056 137
149118 91
149186 572
149264 147
149269 310
149404 42
149405 396
149406 179
149459 660
149485 443
149502 327
149634 238
149831 519
149836 241
149982 454
150033 375
150157 105
150232 357
150265 505
150270 577
150337 94
150461 158
150473 95
150570 96
150611 300
150641 643
150668 489
150826 72
150928 204
150930 324
151043 397
151072 676
151093 597
151164 425
151169 354
151190 146
151223 346
151255 365
151278 355
151364 606
151529 57
151591 611
151605 288
151620 151
151757 32
151860 175
151863 59
151873 31
151962 520
151970 190
151973 230
152046 377
152127 149
152245 168
152262 408
152272 124
152346 516
152352 595
152366 197
152373 64
152400 618
152429 260
152474 292
152564 179
152617 27
152641 606
152722 588
152784 637
152866 587
152878 223
152907 12
153000 297
153133 653
153216 0
153220 48
153361 282
153401 620
153541 601
153613 120
153651 485
153695 230
153733 242
153899 257
153905 559
153957 281
154068 611
154105 415
154133 225
154189 50
154216 433
154226 168
154230 407
154242 657
154286 569
154296 633
154349 431
154370 675
154567 158
154598 55
154602 628
154647 608
154756 631
154803 118
154823 61
154842 405
154925 268
155039 534
155239 8
155329 331
155445 614
155481 279
155532 474
155567 367
155718 533
155781 673
155861 83
155992 371
155995 274
156077 217
156122 659
156266 153
156296 519
156297 250
156392 525
156510 429
156584 192
156587 155
156774 308
156867 623
156885 268
157026 650
157074 548
157121 389
157137 158
157270 480
157285 553
157437 392
157494 645
157654 247
157737 548
157938 279
157944 31
158010 54
158056 281
158143 550
158285 479
158312 491
158328 615
158482 307
158583 440
158653 421
158710 165
158725 366
158739 388
158760 2
158815 462
158821 419
158847 120
158855 502
158868 588
158921 63
158977 601
159083 539
159182 514
159201 408
159236 619
159253 676
159264 293
159314 238
159416 241
159472 332
159512 134
159617 427
159642 379
159744 129
159752 611
159844 3
159926 383
160027 327
160132 274
160264 496
160328 604
160459 44
160496 165
160501 163
160560 441
160644 36
160760 372
160834 117
160841 335
160871 153
160904 90
160921 82
160998 22
161058 350
161096 338
161115 48
161148 96
161157 558
161189 141
161193 668
161312 541
161314 482
161342 492
161470 311
161486 169
161560 420
161592 620
161678 56
161838 236
161897 264
162012 576
162053 164
162248 405
162252 257
162354 91
162384 453
162535 277
162567 191
162577 182
162663 244
162711 289
162896 611
162924 492
163112 199
163117 397
163191 626
163229 99
163241 293
163328 159
163432 375
163462 123
163479 205
163537 412
163594 494
163720 223
163726 270
163815 51
163839 69
163940 196
163973 595
164098 56
164199 214
164216 658
164303 661
164318 381
164367 392
164453 513
164580 228
164610 318
164614 166
164714 108
164781 377
164799 642
164868 26
164886 39
165029 79
165039 490
165076 251
165152 124
165180 613
165267 595
165310 333
165375 249
165484 3
165595 609
165614 432
165618 607
165632 201
165746 580
165773 58
165914 173
165929 37
166111 432
166147 458
166253 523
166310 386
166378 45
166382 197
166420 606
166443 186
166542 370
166682 579
166721 74
166732 197
166904 332
166935 597
167022 395
167175 492
167191 246
167225 30
167235 668
167297 536
167300 460
167305 332
167361 256
167452 251
167599 459
167616 252
167713 257
167783 512
167906 29
167972 419
168036 391
168064 575
168220 508
168352 55
168437 346
168560 537
168574 647
168596 519
168623 33
168633 178
168716 247
168781 351
168868 203
168889 419
168917 620
168935 657
168980 396
169086 296
169113 485
169161 51
169178 266
169300 284
169328 103
169342 464
169357 221
169517 631
169592 396
169631 297
169759 492
169763 155
169830 201
169845 95
169972 15
170028 149
170113 66
170136 655
170180 113
170212 569
170237 391
170286 354
170422 323
170462 404
170466 614
170468 642
170533 65
170546 189
170579 257
170615 188
170649 676
170694 97
170700 540
170708 399
170878 339
170915 193
170920 649
171022 666
171060 179
171117 339
171129 420
171168 546
171249 426
171255 76
171301 265
171336 343
171467 378
171527 467
171598 132
171667 117
171731 637
171750 397
171837 161
171838 10
171944 356
171957 299
172137 673
172148 411
172153 186
172215 399
172286 22
172292 379
172350 476
172369 177
172503 614
172540 355
172654 466
172662 405
172809 92
172870 506
172940 542
172954 433
173053 238
173072 594
173136 586
173177 199
173311 384
173428 333
173449 72
173538 115
173552 471
173671 595
173773 312
173875 639
173880 376
173940 592
174027 167
174098 66
174143 372
174225 245
174226 13
174246 397
174370 511
174488 665
174535 19
174733 474
174815 581
174871 361
174896 263
174938 267
175095 57
175116 467
175143 638
175240 561
175284 348
175298 346
175348 308
175355 278
175370 649
175403 488
175592 265
175628 483
175647 2
175666 387
175699 490
175871 228
175974 161
175975 97
175988 553
176165 455
176192 112
176205 588
176268 193
176290 563
176308 457
176360 157
176364 660
176522 215
176704 130
176834 251
176976 580
177055 493
177061 498
177184 187
177236 572
177396 600
177405 511
177470 284
177472 315
177542 481
177543 607
177637 672
177749 65
177926 23
178115 234
178277 572
178280 461
178436 535
178488 148
178516 270
178528 156
178563 206
178751 30
178833 15
178880 263
178964 358
178986 346
179034 87
179095 336
179107 404
179220 78
179258 607
179357 261
179432 238
179492 22
179580 524
179600 111
179605 171
179620 544
179641 487
179655 6
179674 325
179722 523
179783 88
179804 523
179887 76
180017 116
180091 378
180167 26
180179 495
180277 636
180476 647
180477 169
180489 557
180538 600
180539 362
180548 337
180551 615
180558 126
180571 596
180713 197
180805 60
180828 310
180895 676
180940 550
181023 196
181111 493
181129 522
181310 278
181368 341
181391 414
181393 293
181400 65
181428 147
181450 353
181457 135
181561 588
181583 77
181609 634
181617 559
181704 571
181712 340
181767 245
181788 374
181881 588
181885 48
181928 66
181974 400
181988 575
182090 324
182121 614
182194 126
182288 655
182312 72
182449 281
182599 444
182619 33
182630 564
182665 292
182697 126
182721 301
182741 529
182792 518
182823 499
182885 123
182901 669
182907 607
182919 588
183039 322
183217 522
183347 615
183384 102
183550 397
183737 251
183738 377
183763 552
183868 69
183897 394
183939 65
183953 446
183978 125
184066 142
184095 419
184100 566
184159 574
184242 341
184263 595
184304 584
184424 563
184551 160
184583 137
184586 140
184610 279
184707 529
184754 667
184792 558
184804 130
184806 361
184909 75
184939 275
185106 66
185245 160
185426 252
185433 570
185448 664
185453 403
185466 90
185567 332
185618 400
185639 38
185695 484
185821 508
185959 620
185981 487
185982 442
185991 669
186079 25
186096 494
186131 220
186186 417
186210 443
186226 333
186323 9
186509 226
186569 175
186601 124
186779 183
186931 597
186945 148
187005 146
187128 494
187143 423
187235 292
187264 120
187353 630
187451 45
187508 4
187561 253
187562 368
187640 424
187741 66
187844 526
187874 505
187943 378
188115 178
188209 568
188404 665
188445 515
188480 557
188634 117
188723 497
188741 230
188826 541
188906 516
188934 286
188966 99
189014 136
189160 603
189320 396
189359 620
189474 153
189563 571
189578 150
189638 422
189641 369
189740 542
189762 26
189772 14
189883 580
189979 123
190000 117
190026 542
190057 173
190132 220
190244 97
190262 468
190292 675
190342 393
190358 94
190373 180
190447 2
190451 653
190453 142
190642 596
190646 522
190650 234
190807 267
190817 217
190885 568
190952 333
191138 600
191151 241
191279 486
191432 71
191550 96
191580 368
191590 297
191637 128
191704 336
191708 485
191728 91
191732 144
191781 142
191831 121
191834 122
191906 23
191910 579
191943 645
191999 222
192003 293
192045 291
192226 418
192348 330
192450 351
192637 594
192655 172
192678 317
192729 344
192810 379
192823 267
192882 170
192901 667
192916 559
192941 178
192961 532
193037 161
193071 381
193153 143
193158 483
193164 216
193337 69
193399 295
193466 86
193504 248
193578 422
193668 191
193792 8
193813 54
193924 395
193952 67
193982 25
194009 524
194069 44
194257 463
194351 51
194438 120
194501 124
194607 507
194670 127
194708 167
194868 487
194876 651
195067 138
195167 388
195219 609
195376 396
195394 487
195407 206
195485 590
195490 529
195614 562
195781 337
195782 529
195801 432
195975 464
196104 622
196138 7
196264 269
196280 462
196456 516
196513 620
196541 556
196606 362
196615 232
196649 142
196658 191
196660 57
196755 38
196876 20
196952 566
197032 395
197121 83
197179 431
197227 547
197252 333
197307 611
197342 622
197424 31
197464 576
197496 584
197500 348
197510 70
197569 627
197580 315
197745 580
197769 455
197807 39
197906 24
197982 214
198095 10
198198 281
198341 148
198368 436
198388 535
198433 444
198501 378
198513 540
198583 522
198665 558
198683 462
198756 366
198785 84
198844 103
198855 200
198896 3
198921 189
198957 156
199002 511
199126 519
199177 251
199213 135
199362 403
199563 402
199593 491
199629 411
199663 68
199673 517
199690 507
199832 261
199835 264
199864 450
199967 399
199979 384
200020 631
200028 567
200057 213
200149 645
200174 245
200199 26
200294 629
200333 597
200338 143
200345 561
200354 334
200478 347
200606 158
200619 471
200726 233
200746 196
200767 256
200776 430
200852 607
200910 5
200930 616
200933 28
201045 335
201191 622
201269 22
201356 565
201405 422
201433 278
201551 357
201558 462
201682 252
201859 103
201947 69
202044 302
202075 308
202095 194
202141 205
202150 676
202167 31
202245 177
202344 366
202441 283
202571 135
202592 283
202616 649
202639 461
202789 301
202826 24
202843 596
202845 412
202872 201
203005 568
203064 15
203175 561
203179 369
203185 585
203191 596
203213 662
203218 379
203251 263
203299 467
203304 307
203313 341
203357 250
203389 355
203571 488
203677 593
203730 286
203864 270
203883 656
204041 233
204151 22
204168 79
204192 459
204227 471
204241 68
204332 441
204350 184
204360 411
204429 452
204486 256
204530 313
204685 618
204715 230
204727 225
204749 346
204761 216
204846 192
204872 29
205041 501
205126 109
205238 343
205342 53
205437 647
205511 296
205574 184
205679 77
205763 513
205764 67
205771 132
205808 260
205886 405
205964 302
206091 24
206135 572
206229 156
206291 499
206397 471
206445 525
206477 646
206511 443
206604 348
206637 359
206688 332
206752 500
206897 9
206936 353
207017 605
207051 510
207083 169
207132 416
207151 101
207180 52
207294 589
207411 154
207518 172
207645 405
207737 185
207746 212
207837 514
207840 465
207933 339
207948 334
207981 415
208000 528
208120 267
208128 629
208215 134
208308 419
208311 1
208350 209
208478 30
208483 107
208495 266
208640 633
208679 413
208758 643
208863 139
208891 292
208931 85
208954 159
209002 281
209014 182
209076 636
209205 452
209361 226
209541 560
209572 38
209761 375
209800 616
209844 608
209892 136
210007 230
210041 131
210134 584
210159 45
210165 570
210208 177
210216 67
210231 0
210323 98
210350 504
210526 483
210626 650
210646 170
210769 513
210780 266
210947 676
211031 249
211045 342
211062 348
211117 223
211146 39
211204 317
211215 537
211256 625
211410 544
211481 617
211529 318
211652 532
211734 503
211785 592
211794 342
211918 589
212042 46
212073 72
212130 642
212168 636
212169 277
212181 556
212307 60
212397 463
212486 455
212501 155
212552 669
212714 196
212764 559
212801 27
212878 201
213019 521
213091 15
213120 421
213160 199
213224 329
213302 538
213326 394
213453 47
213473 434
213559 317
213681 196
213721 557
213777 671
213845 5
213847 237
213871 642
213879 663
214055 321
214115 291
214207 157
214350 320
214351 154
214354 617
214377 218
214429 28
214527 287
214553 169
214572 617
214590 607
214734 187
214753 153
214770 250
214785 133
214899 547
214963 416
214965 370
214971 47
215064 97
215248 49
215289 362
215297 176
215464 302
215511 140
215540 510
215547 189
215549 239
215595 174
215677 482
215717 385
215765 56
215778 380
215842 184
215907 274
215942 415
215985 598
215995 401
216005 73
216007 443
216032 271
216066 284
216139 298
216232 127
216308 337
216442 103
216446 284
216464 170
216649 587
216697 416
216718 636
216735 508
216842 256
216870 655
216914 260
216977 544
217073 21
217090 316
217132 676
217200 114
217245 376
217270 383
217449 378
217554 649
217590 231
217646 473
217668 545
217707 72
217720 538
217725 455
217738 471
217780 654
217863 476
217900 135
217977 61
218007 136
218074 467
218166 421
218185 396
218242 457
218389 107
218420 141
218589 558
218614 100
218677 264
218783 542
218789 202
218881 551
218896 10
218974 198
219006 614
219159 51
219231 379
219257 176
219267 0
219281 204
219312 269
219332 135
219412 280
219518 70
219536 420
219550 362
219582 4
219632 400
219633 165
219761 274
219772 557
219815 560
219847 545
219853 357
219955 187
220063 123
220135 63
220167 263
220213 138
220257 503
220364 463
220385 146
220460 552
220562 482
220566 468
220574 144
220621 406
220623 609
220657 87
220694 144
220728 173
220761 54
220789 528
220831 581
221017 652
221077 548
221144 596
221145 230
221221 565
221224 512
221273 116
221447 29
221540 7
221696 120
221706 250
221739 369
221803 533
221867 662
221922 66
222033 374
222037 297
222067 480
222092 264
222095 11
222112 69
222205 509
222226 503
222325 30
222414 499
222430 605
222437 416
222475 498
222509 46
222589 657
222601 373
222649 153
222841 601
222993 210
223014 667
223040 340
223046 69
223065 244
223179 34
223213 407
223310 426
223355 608
223373 635
223438 439
223466 420
223478 608
223488 270
223618 22
223645 136
223670 218
223719 551
223754 428
223758 522
223801 82
223814 55
223953 547
224009 548
224012 350
224050 475
224098 535
224124 472
224199 316
224205 393
224250 293
224345 550
224434 211
224498 113
224655 473
224808 287
224914 79
224960 496
225106 59
225157 663
225217 668
225290 88
225384 3
225492 317
225534 626
225537 659
225566 563
225663 78
225673 282
225695 60
225703 150
225750 635
225777 14
225848 179
225855 145
225873 483
225888 627
226001 664
226151 455
226190 274
226249 338
226280 648
226307 114
226312 323
226369 242
226423 475
226479 54
226545 623
226552 211
226565 143
226614 291
226761 494
226790 522
226869 196
226908 109
226984 29
227054 52
227250 166
227255 319
227364 295
227366 362
227367 81
227380 634
227396 331
227404 294
227405 375
227435 506
227575 91
227615 138
227671 420
227806 422
227828 662
227892 188
227909 476
227997 38
228007 534
228065 106
228203 520
228209 89
228229 148
228284 186
228377 630
228378 464
228382 326
228512 437
228519 536
228540 261
228632 607
228702 673
228762 281
228765 502
228780 436
228914 77
228949 672
228968 454
228984 551
229142 667
229228 656
229300 549
229339 381
229379 376
229408 493
