#io generator
#numio=6227 maxtracks=566 lambda=8.900000
1 262
83 422
117 94
130 10
186 35
267 272
356 219
360 62
375 264
437 251
446 402
496 489
616 187
632 463
645 438
654 160
695 550
775 469
787 507
821 193
878 47
888 95
896 201
922 380
928 533
1014 495
1057 432
1125 4
1129 369
1143 524
1164 303
1173 51
1200 50
1295 445
1459 294
1464 434
1499 212
1603 458
1653 245
1678 507
1695 215
1751 30
1756 343
1758 142
1769 210
1776 389
1867 220
1924 236
1948 394
1956 263
1965 189
1975 464
2022 95
2059 250
2094 64
2109 553
2134 63
2135 361
2183 53
2266 554
2289 38
2330 212
2353 252
2413 530
2418 0
2437 204
2452 360
2459 26
2521 460
2546 231
2645 469
2663 238
2771 33
2812 291
2925 363
3076 9
3090 201
3114 427
3120 232
3207 85
3271 148
3296 256
3318 301
3329 146
3371 105
3443 32
3478 448
3502 377
3525 562
3561 54
3701 358
3720 187
3724 91
3749 293
3751 358
3766 182
3770 445
3825 368
3826 14
3868 404
3877 296
3933 464
3947 142
3972 435
3982 58
4058 124
4108 153
4138 477
4159 19
4176 280
4217 393
4281 445
4306 331
4327 298
4363 62
4373 467
4411 8
4450 537
4461 75
4509 290
4519 331
4569 551
4642 162
4706 164
4720 101
4778 560
4857 341
4914 201
4921 121
5003 453
5017 71
5054 542
5059 154
5149 231
5168 354
5265 364
5274 371
5310 38
5418 245
5434 149
5470 81
5481 276
5533 16
5603 529
5613 412
5663 322
5736 205
5764 565
5802 246
5821 23
5823 186
5867 154
6029 171
6044 525
6094 396
6102 198
6172 252
6241 333
6265 386
6293 407
6313 148
6325 151
6362 461
6373 148
6384 381
6397 176
6573 331
6749 165
6848 519
6849 354
6853 215
6877 314
6886 33
6887 511
6920 424
6934 479
6935 329
6959 484
7031 415
7035 296
7036 237
7064 16
7091 182
7193 247
7209 316
7239 415
7240 58
7357 50
7362 485
7404 500
7411 294
7509 427
7701 441
7736 412
7819 72
7874 173
7914 451
7928 97
7932 138
7967 268
8029 88
8037 472
8048 92
8146 222
8180 157
8188 67
8196 536
8200 556
8230 476
8307 384
8342 99
8357 230
8382 287
8410 414
8414 1
8443 154
8452 210
8480 212
8493 523
8512 505
8520 332
8539 302
8544 218
8547 548
8558 434
8590 245
8594 558
8690 344
8717 370
8766 293
8774 565
8823 318
8851 59
8925 257
8951 425
8991 49
9046 35
9083 504
9105 401
9180 399
9204 248
9209 327
9230 34
9237 532
9284 516
9307 513
9399 106
9423 250
9436 186
9523 448
9526 315
9606 480
9642 283
9693 39
9701 340
9757 388
9758 517
9769 263
9908 255
9927 390
9944 489
9978 157
9980 38
10028 195
10047 350
10052 271
10059 9
10074 451
10101 38
10177 411
10219 363
10239 401
10269 383
10276 299
10281 328
10290 280
10312 461
10368 281
10449 279
10519 159
10523 554
10577 164
10788 50
10791 290
10797 540
10807 468
10841 369
10870 85
10885 402
10928 261
10941 509
11060 416
11107 412
11117 339
11126 43
11207 189
11209 363
11246 30
11295 404
11326 502
11368 456
11415 149
11438 142
11458 447
11582 54
11593 143
11815 118
11990 403
12095 126
12109 90
12122 110
12148 202
12216 68
12236 321
12304 552
12327 285
12385 96
12440 137
12460 104
12461 217
12473 161
12511 157
12537 355
12721 244
12793 173
12827 86
12853 49
12880 190
12888 521
12977 25
13063 203
13093 385
13121 179
13218 539
13244 541
13259 443
13269 552
13271 418
13306 31
13313 259
13330 431
13366 487
13438 69
13446 33
13447 57
13451 532
13474 369
13511 561
13645 308
13755 268
13781 160
13792 422
13803 181
13828 490
13845 371
13859 416
13879 529
13913 153
13915 450
13930 57
14016 245
14017 203
14020 375
14036 33
14044 167
14072 403
14105 447
14128 475
14132 535
14178 275
14213 17
14222 12
14351 464
14364 13
14400 352
14405 290
14407 94
14485 81
14552 126
14560 23
14587 416
14640 56
14668 121
14775 360
14781 365
14786 431
14829 195
14887 364
14893 43
14935 443
14980 449
14993 427
15117 95
15204 449
15222 57
15290 516
15359 334
15376 455
15491 0
15619 338
15624 411
15636 266
15663 520
15701 332
15734 237
15746 216
15793 23
15809 500
15916 78
15928 24
16066 107
16146 319
16154 138
16171 87
16181 189
16234 208
16236 15
16305 324
16417 269
16423 303
16508 253
16603 346
16628 148
16654 243
16673 438
16697 211
16823 200
16928 94
16962 173
16976 477
17015 41
17024 398
17028 29
17040 27
17068 249
17101 239
17184 284
17185 214
17240 300
17303 92
17316 160
17345 152
17383 269
17404 133
17462 428
17465 239
17532 165
17537 526
17553 229
17699 493
17770 318
17783 415
17785 186
17789 469
17864 522
18056 95
18064 300
18085 477
18163 45
18222 357
18228 121
18251 256
18266 221
18326 422
18343 379
18377 527
18505 185
18736 167
18758 468
18764 206
18829 184
18861 199
18916 234
18933 361
18958 85
18969 370
18986 412
18990 399
18994 512
19016 276
19048 25
19068 307
19085 237
19154 460
19164 564
19171 38
19185 423
19205 49
19211 441
19260 372
19361 563
19375 167
19424 237
19495 184
19518 189
19606 282
19659 251
19737 99
19749 388
19769 159
19845 277
19880 347
19972 392
20029 391
20049 246
20086 235
20138 520
20143 94
20239 557
20264 211
20278 224
20356 43
20426 422
20437 70
20458 382
20477 168
20483 6
20575 44
20621 390
20677 70
20682 223
20711 493
20725 385
20726 132
20767 301
20802 558
20902 272
20904 435
20913 178
20998 374
21176 170
21298 89
21312 493
21322 9
21353 3
21358 387
21377 385
21407 403
21424 336
21536 15
21541 314
21543 20
21546 467
21557 221
21605 524
21623 12
21705 305
21720 429
21776 199
21790 442
21815 2
21822 98
21853 506
21882 87
21952 318
21964 225
21996 191
22017 369
22023 395
22024 501
22061 241
22151 290
22280 137
22292 419
22326 333
22354 49
22388 399
22399 87
22433 450
22447 250
22463 335
22533 528
22634 156
22667 54
22808 356
22962 340
22964 504
22968 13
22973 217
23028 412
23168 163
23232 321
23427 43
23475 336
23553 18
23554 131
23591 497
23597 314
23603 425
23643 73
23661 359
23711 248
23739 479
23762 373
23772 129
23790 116
23817 438
23844 160
23870 60
23876 300
23881 220
23887 13
23917 402
23924 173
23941 175
23985 564
23986 72
24014 503
24048 104
24052 464
24084 185
24099 441
24103 481
24105 340
24225 124
24230 58
24265 162
24270 92
24501 173
24525 204
24561 90
24577 373
24589 499
24619 498
24621 380
24667 363
24931 22
24951 57
25035 275
25081 480
25127 473
25242 179
25247 44
25271 68
25289 538
25314 2
25318 475
25359 226
25408 121
25420 448
25502 556
25523 501
25597 559
25690 194
25734 431
25735 298
25782 207
25822 449
25893 436
25900 452
25911 104
26003 53
26074 176
26139 36
26173 345
26287 326
26288 472
26322 511
26388 290
26398 291
26410 168
26411 561
26452 392
26510 289
26533 546
26547 407
26553 126
26617 564
26646 358
26648 73
26658 6
26704 164
26775 173
26783 379
26848 248
26855 55
26905 129
26908 227
27005 494
27097 219
27166 127
27170 559
27192 522
27354 556
27384 27
27388 452
27390 463
27393 513
27398 160
27430 535
27478 432
27479 260
27668 74
27743 518
27799 172
27869 565
27889 471
27911 189
27975 243
28059 490
28088 390
28187 204
28244 472
28269 35
28289 245
28347 100
28371 139
28378 344
28382 48
28418 498
28436 259
28516 454
28529 184
28534 61
28587 16
28728 168
28776 510
28816 282
28866 82
28897 84
28930 196
28945 32
28979 280
29020 396
29053 159
29086 550
29137 260
29193 17
29251 516
29256 305
29364 65
29433 373
29459 90
29512 363
29560 510
29569 38
29578 158
29619 409
29730 204
29743 129
29851 157
29981 227
29983 564
29990 547
29995 411
30086 143
30117 321
30129 33
30178 13
30224 253
30323 523
30350 87
30358 101
30438 86
30467 105
30485 273
30508 196
30590 293
30606 41
30631 273
30692 223
30742 205
30867 4
30887 390
30888 70
30893 542
30894 371
30898 144
30966 562
30985 213
30992 446
31066 365
31071 422
31077 272
31141 367
31269 349
31270 397
31420 3
31467 228
31512 420
31540 473
31586 327
31611 462
31679 186
31742 136
31788 561
31789 320
31827 93
31841 453
31880 74
31902 347
31954 279
31968 412
31994 15
31999 112
32054 373
32055 267
32065 299
32077 40
32151 56
32165 320
32168 193
32173 411
32199 252
32227 87
32259 553
32314 183
32338 48
32340 551
32344 105
32351 499
32422 118
32438 48
32489 363
32495 338
32546 266
32552 471
32615 168
32646 180
32697 50
32721 180
32723 137
32762 306
32777 394
32804 248
32886 389
32900 414
32986 382
33050 360
33064 552
33074 35
33096 226
33182 146
33227 258
33259 248
33289 29
33342 347
33355 226
33361 352
33364 380
33366 556
33383 217
33430 146
33432 301
33517 214
33543 73
33565 539
33593 191
33602 128
33662 446
33703 193
33773 238
33892 76
33957 63
34010 520
34068 463
34156 81
34164 349
34183 149
34189 168
34228 371
34249 48
34284 541
34304 464
34311 123
34346 479
34377 255
34388 292
34421 52
34458 195
34478 93
34571 314
34588 300
34709 357
34752 144
34764 190
34807 203
34918 361
34976 434
35041 0
35059 379
35090 469
35197 43
35217 18
35263 430
35264 67
35362 543
35404 166
35429 358
35527 97
35610 112
35637 323
35668 257
35677 194
35686 19
35702 340
35748 512
35769 365
35925 479
35968 390
36003 409
36065 301
36108 273
36174 99
36178 425
36194 3
36308 485
36340 288
36354 447
36426 303
36492 111
36497 299
36501 320
36508 49
36528 483
36585 11
36617 331
36647 147
36649 214
36670 105
36675 443
36683 46
36722 436
36756 539
36787 251
36812 218
36851 354
36945 421
36953 51
37020 341
37130 343
37167 295
37175 100
37233 147
37264 123
37286 389
37324 435
37363 233
37380 338
37520 455
37523 204
37545 403
37557 108
37646 209
37673 178
37710 75
37779 465
37793 350
37796 490
37865 300
37895 476
37902 184
37927 331
37971 47
38002 278
38009 522
38114 500
38122 72
38181 323
38187 168
38269 441
38290 409
38325 419
38340 388
38375 102
38384 92
38402 276
38429 551
38436 335
38465 377
38519 258
38554 366
38594 414
38615 129
38696 416
38700 375
38706 473
38717 513
38724 538
38751 203
38758 385
38776 315
38783 503
38811 195
38836 36
38846 294
38882 506
38889 197
38904 229
38914 38
38941 506
38951 201
38957 80
38986 63
39026 506
39038 191
39050 473
39077 94
39094 483
39133 244
39209 506
39326 272
39385 74
39452 68
39481 34
39488 33
39607 238
39627 66
39658 537
39667 125
39737 287
39768 68
39784 39
39796 403
39893 529
39899 445
39966 56
39977 350
39987 55
40038 436
40044 524
40111 65
40127 138
40137 516
40145 260
40150 22
40282 393
40288 178
40342 253
40343 388
40361 98
40385 121
40397 419
40465 286
40534 323
40546 564
40572 60
40576 478
40592 194
40646 308
40708 504
40741 437
40774 421
40777 197
40785 65
40786 326
40799 287
40858 319
40868 353
40870 49
40878 197
40881 393
40904 111
40933 455
40962 169
40978 195
40986 528
40990 439
41033 117
41038 492
41052 91
41074 348
41116 136
41123 519
41199 142
41201 339
41204 429
41206 162
41219 485
41285 338
41293 98
41352 79
41365 321
41429 283
41474 390
41540 484
41545 249
41573 214
41609 250
41619 493
41641 174
41665 304
41667 296
41733 207
41751 369
41878 334
41944 427
41994 67
42008 311
42044 8
42054 252
42131 213
42214 223
42267 287
42336 565
42354 162
42368 480
42434 211
42451 368
42502 428
42515 399
42531 74
42554 44
42565 442
42602 493
42662 491
42676 378
42686 116
42688 565
42735 511
43043 51
43051 174
43158 8
43201 177
43242 238
43244 549
43249 236
43253 332
43279 199
43296 70
43305 94
43490 307
43558 134
43610 509
43620 261
43681 134
43711 562
43740 280
43749 457
43791 367
43871 365
43927 167
43979 205
44038 55
44088 518
44102 508
44193 489
44243 83
44279 359
44297 43
44318 351
44355 243
44361 71
44383 221
44486 64
44487 460
44541 461
44545 285
44552 510
44587 515
44652 523
44715 412
44774 307
44853 229
44860 146
44885 348
44965 63
44966 25
44976 274
44997 98
45031 270
45196 202
45209 55
45284 267
45580 262
45598 463
45616 108
45646 101
45696 239
45729 517
45772 37
45800 318
45807 325
45842 236
45844 25
45878 372
45906 327
45970 382
46049 164
46091 193
46133 279
46182 490
46183 515
46218 263
46243 292
46249 317
46250 401
46301 351
46315 88
46358 205
46410 192
46493 184
46509 398
46519 563
46561 325
46603 96
46616 302
46625 122
46630 382
46677 369
46743 153
46788 302
46802 482
46808 0
46817 518
46832 58
46842 394
46904 136
47006 454
47100 287
47124 49
47187 3
47200 16
47205 551
47256 450
47317 7
47343 188
47407 105
47415 461
47434 60
47440 286
47456 483
47470 333
47528 67
47554 166
47588 335
47592 338
47676 77
47727 490
47806 304
47847 503
47848 565
47941 480
47948 59
47989 332
47998 464
48001 316
48043 231
48049 261
48077 370
48130 67
48140 488
48187 78
48210 2
48289 564
48331 434
48332 378
48375 497
48447 444
48476 248
48689 205
48718 314
48719 533
48765 284
48789 202
48800 332
48835 69
48848 420
48853 431
48905 0
48959 236
49014 446
49017 253
49059 530
49069 119
49087 129
49119 515
49177 347
49250 276
49254 182
49325 213
49416 255
49442 121
49450 352
49594 533
49631 417
49647 221
49675 251
49744 110
49762 40
49781 429
49794 555
49836 48
49870 296
49902 403
49973 238
49976 428
50054 333
50191 37
50200 537
50268 389
50285 128
50294 458
50296 231
50304 78
50368 538
50390 450
50427 298
50445 83
50449 58
50640 295
50648 425
50667 443
50716 260
50929 381
50953 471
50970 472
50972 326
51011 72
51172 474
51183 453
51242 399
51276 234
51286 559
51317 189
51320 313
51393 161
51406 141
51408 16
51455 37
51501 102
51588 36
51709 363
51750 48
51787 283
51803 242
51816 33
51862 164
51873 354
51877 463
51902 220
51907 414
51930 86
51952 297
52025 353
52045 521
52083 216
52114 171
52138 107
52199 465
52235 53
52315 364
52376 97
52416 37
52476 430
52558 158
52564 4
52599 91
52622 76
52625 316
52730 408
52838 283
52858 390
52925 132
52939 522
52943 538
52991 161
53026 446
53029 208
53071 205
53098 385
53115 73
53185 470
53196 486
53289 467
53349 359
53404 168
53445 101
53613 276
53633 167
53653 298
53663 76
53726 484
53824 506
53833 338
53844 421
53856 358
53935 69
53958 79
54110 214
54240 440
54290 43
54332 518
54334 93
54349 204
54381 484
54416 403
54458 263
54496 319
54540 133
54605 246
54632 258
54646 361
54742 255
54778 169
54798 225
54812 87
54836 560
54838 305
54844 225
54932 414
54943 289
54965 523
55108 47
55133 377
55147 177
55151 473
55206 233
55230 391
55305 53
55486 158
55511 173
55532 548
55545 285
55572 256
55660 233
55667 90
55764 357
55767 509
55814 324
55845 20
55928 379
56006 372
56009 197
56025 534
56047 192
56056 530
56095 373
56185 534
56191 236
56210 37
56277 329
56286 426
56295 175
56335 526
56417 125
56546 436
56630 475
56651 550
56658 439
56752 358
56756 79
56788 432
56849 271
56895 545
56981 59
56982 411
57026 145
57050 510
57081 75
57148 254
57164 452
57173 139
57211 368
57220 468
57241 75
57264 308
57276 18
57290 42
57317 9
57318 231
57322 39
57327 457
57342 349
57389 504
57441 306
57456 59
57471 319
57487 554
57496 322
57558 363
57604 152
57611 554
57624 281
57626 460
57653 53
57662 360
57668 204
57690 276
57834 87
57852 412
57897 409
57965 20
57977 105
58003 427
58069 81
58092 53
58107 248
58126 469
58151 119
58167 332
58188 554
58240 450
58261 135
58317 328
58353 283
58365 194
58380 177
58417 295
58432 74
58444 86
58456 418
58466 343
58473 364
58494 379
58567 441
58578 163
58632 4
58635 104
58645 484
58700 491
58716 23
58725 393
58741 476
58750 387
58887 280
58956 140
58966 48
59039 233
59088 165
59091 329
59093 192
59171 471
59187 540
59221 459
59279 263
59286 467
59329 488
59336 294
59339 489
59364 326
59410 419
59473 446
59507 126
59534 503
59547 56
59672 366
59807 450
60021 524
60084 336
60134 337
60136 513
60156 417
60212 341
60223 482
60246 425
60267 96
60292 135
60413 51
60436 269
60587 435
60619 534
60639 310
60690 233
60714 313
60723 85
60725 68
60757 456
60841 99
60843 420
60882 462
60889 460
60903 233
60959 227
61038 140
61056 365
61122 184
61124 211
61126 268
61198 350
61223 35
61278 311
61285 193
61301 42
61328 238
61392 90
61402 559
61538 310
61557 420
61670 156
61852 187
61948 462
61988 556
61996 409
62019 22
62035 532
62039 63
62064 161
62087 479
62104 549
62115 100
62120 286
62126 58
62128 321
62199 2
62269 474
62284 433
62324 562
62376 479
62424 117
62506 34
62512 559
62519 360
62531 355
62556 359
62590 425
62653 413
62664 554
62732 176
62762 385
62776 222
62803 368
62809 99
62848 513
62865 64
62955 240
62966 507
63000 508
63007 128
63025 456
63091 76
63127 315
63146 339
63164 399
63170 41
63199 335
63241 395
63296 180
63331 446
63374 408
63419 60
63573 336
63619 498
63674 527
63685 324
63739 225
63747 180
63806 448
63853 281
63959 443
63986 270
64003 109
64010 81
64037 443
64140 110
64166 356
64179 275
64188 4
64205 560
64312 358
64343 396
64344 427
64410 309
64459 181
64484 290
64554 545
64638 20
64643 19
64673 523
64803 421
64824 338
64825 518
64890 31
64902 460
65126 519
65144 395
65257 75
65305 437
65348 253
65351 94
65475 529
65480 482
65615 154
65697 294
65705 483
65716 354
65738 176
65767 155
65784 468
65787 206
65839 263
65841 393
65875 442
65899 157
65908 318
65930 108
65956 326
65957 266
66029 526
66209 26
66267 144
66309 133
66340 122
66367 529
66368 338
66381 447
66383 206
66408 374
66414 539
66521 214
66548 218
66580 9
66704 348
66729 459
66758 271
66832 186
66882 300
66913 171
66965 42
66975 448
67017 305
67050 417
67139 38
67158 30
67173 244
67202 411
67232 389
67268 23
67294 91
67322 202
67347 144
67430 31
67461 361
67466 451
67487 455
67502 7
67531 137
67534 532
67547 58
67559 412
67598 4
67648 111
67693 197
67703 111
67730 430
67760 1
67782 32
67814 46
67821 211
67848 562
67895 297
67924 540
67959 270
67970 402
68024 555
68040 434
68087 310
68110 34
68169 373
68201 310
68210 324
68241 372
68279 79
68330 464
68357 143
68421 126
68478 198
68485 219
68551 243
68554 331
68574 255
68590 69
68899 462
68906 445
68930 427
68945 390
68960 509
68976 543
68977 51
69034 313
69050 337
69107 70
69218 541
69245 437
69263 346
69279 452
69281 403
69378 35
69406 60
69478 3
69553 105
69598 107
69601 25
69607 71
69612 527
69655 271
69683 258
69718 267
69738 66
69748 453
69797 342
69832 448
69846 296
69919 479
69956 399
70028 278
70112 310
70155 553
70189 471
70193 412
70247 444
70255 164
70265 460
70319 371
70421 5
70444 374
70480 33
70503 528
70536 175
70593 121
70631 400
70720 103
70738 499
70795 126
70962 286
71128 437
71175 157
71203 23
71245 261
71246 73
71251 376
71258 327
71292 437
71375 214
71543 510
71588 457
71596 48
71640 549
71654 384
71678 168
71700 108
71732 263
71780 349
71785 103
71826 150
71839 188
71862 501
71964 129
72020 176
72029 382
72043 516
72068 293
72316 98
72341 174
72413 547
72448 171
72454 102
72509 498
72570 512
72572 264
72579 209
72640 355
72651 415
72724 16
72725 40
72771 208
72929 105
73012 556
73028 214
73041 119
73057 508
73084 285
73087 160
73105 497
73112 253
73128 204
73192 83
73364 41
73444 478
73448 523
73543 455
73556 510
73737 103
73819 198
73850 100
73881 512
73883 43
73903 87
73920 449
73921 311
73931 214
74023 33
74051 509
74056 230
74108 132
74123 375
74124 354
74155 17
74217 254
74235 208
74272 534
74284 397
74327 484
74345 271
74428 527
74476 152
74546 441
74606 420
74698 114
74723 82
74752 86
74759 90
74807 123
74937 95
74971 190
75031 308
75066 281
75097 167
75113 537
75169 138
75250 280
75277 409
75289 174
75313 106
75340 541
75355 24
75359 294
75367 468
75417 96
75633 191
75659 448
75740 67
75753 254
75773 364
75792 107
75875 158
75919 227
76043 402
76067 84
76076 242
76101 150
76130 2
76154 207
76205 362
76222 45
76228 88
76352 150
76374 233
76417 51
76480 493
76629 51
76660 216
76663 294
76666 320
76708 178
76912 86
76945 302
76951 27
77038 509
77082 149
77228 473
77248 532
77252 490
77268 444
77389 92
77429 531
77440 121
77454 197
77504 235
77598 229
77647 516
77678 175
77700 405
77716 196
77752 26
77787 336
77868 17
77897 557
77984 502
78039 485
78041 241
78101 173
78140 67
78180 214
78209 324
78267 150
78292 193
78324 526
78326 529
78338 381
78491 502
78502 489
78597 454
78669 463
78713 351
78755 421
78756 267
78758 390
78792 400
78794 71
78806 481
78824 432
78832 547
78877 142
78965 549
79063 501
79137 109
79189 440
79403 340
79437 389
79446 154
79467 152
79518 274
79639 190
79647 15
79670 268
79750 484
79760 40
79825 528
79839 411
79928 140
79964 432
79986 204
80015 247
80140 78
80145 104
80165 317
80188 88
80189 234
80214 135
80236 540
80283 181
80346 538
80364 358
80446 405
80463 447
80590 550
80620 229
80635 54
80705 168
80715 549
80740 366
80768 530
80829 327
80845 167
80909 447
80920 300
80924 35
80949 284
80994 208
81003 32
81009 104
81010 403
81044 205
81107 246
81148 26
81167 81
81212 531
81215 281
81242 243
81301 189
81310 25
81386 188
81390 198
81458 455
81506 31
81581 496
81591 504
81624 469
81635 226
81646 518
81668 380
81670 78
81705 79
81743 72
81775 242
81798 448
81822 186
81827 328
81870 544
81888 225
81898 155
81909 77
81985 48
82003 149
82019 174
82066 12
82083 481
82121 287
82146 430
82149 518
82158 493
82176 313
82411 549
82421 543
82437 356
82579 341
82668 131
82719 436
82733 74
82734 379
82756 422
82801 457
82835 184
82849 47
82852 224
83110 176
83121 220
83197 150
83213 54
83222 405
83271 114
83285 358
83306 33
83325 426
83333 248
83354 357
83361 66
83383 442
83405 427
83481 300
83487 489
83557 237
83568 400
83612 346
83674 516
83689 300
83693 366
83699 311
83745 321
83758 508
83807 300
83815 479
83948 551
83961 410
84030 465
84110 397
84151 168
84269 210
84427 321
84434 507
84520 400
84550 493
84581 143
84603 490
84609 253
84643 386
84681 249
84721 347
84771 215
84793 313
84804 88
84813 314
84817 334
84846 385
84901 247
84933 269
84955 70
84971 6
84989 446
85069 300
85079 267
85088 495
85181 491
85206 364
85216 533
85224 286
85227 236
85229 119
85264 504
85321 22
85345 143
85370 335
85405 283
85539 221
85557 283
85594 481
85641 284
85696 330
85887 231
85955 529
85990 191
85991 14
86010 138
86011 1
86016 459
86017 342
86019 300
86027 377
86028 95
86030 231
86072 387
86083 219
86090 13
86225 102
86246 454
86250 23
86255 86
86257 306
86276 57
86305 301
86398 331
86403 554
86407 190
86446 83
86472 397
86503 99
86521 463
86552 324
86622 302
86675 156
86690 493
86704 271
86722 12
86742 275
86773 539
86792 86
86795 214
86807 241
86827 527
86876 552
86880 63
86940 380
86984 360
86992 249
87084 308
87098 130
87113 347
87114 429
87118 348
87165 283
87220 455
87300 22
87310 511
87333 92
87370 245
87382 419
87391 534
87412 489
87418 491
87475 394
87482 4
87530 294
87567 436
87579 408
87597 562
87606 88
87667 57
87675 17
87715 109
87753 50
87776 212
87790 232
87851 102
87882 380
88003 146
88076 546
88225 212
88258 425
88298 175
88303 368
88331 166
88353 358
88378 271
88416 81
88458 153
88468 79
88507 310
88537 254
88586 63
88590 390
88607 552
88647 199
88663 137
88667 4
88697 136
88737 48
88766 60
88814 13
88847 203
88853 146
88890 226
88909 157
89021 537
89070 384
89072 480
89089 245
89155 13
89213 99
89224 502
89231 464
89236 476
89326 375
89438 355
89482 302
89646 483
89705 349
89716 108
89801 115
89806 351
89887 114
89911 141
89949 166
89961 238
89985 306
89999 369
90016 248
90041 153
90045 250
90132 446
90275 501
90314 436
90340 508
90464 225
90468 57
90627 172
90652 133
90759 443
90786 204
90797 29
90839 512
90859 62
90878 388
90887 477
90920 0
90985 265
91024 334
91161 308
91191 209
91230 370
91248 357
91370 497
91447 509
91488 213
91499 517
91520 527
91585 477
91586 123
91614 143
91616 64
91627 499
91660 509
91684 314
91706 14
91805 52
91848 179
91897 361
91905 335
91934 484
92068 453
92124 226
92174 333
92184 439
92246 437
92247 492
92330 161
92383 266
92390 127
92391 357
92402 539
92451 526
92463 254
92495 263
92496 62
92510 7
92602 52
92622 365
92665 371
92685 278
92706 255
92723 179
92773 65
92831 522
92846 461
92876 335
92931 157
92959 22
93008 52
93034 435
93042 468
93100 65
93196 110
93250 341
93322 103
93325 159
93363 259
93397 210
93429 218
93442 517
93450 480
93476 548
93481 16
93554 69
93581 352
93596 192
93615 249
93626 340
93634 489
93656 217
93778 415
93798 188
93816 560
93864 388
93953 520
93982 232
94065 374
94087 507
94114 318
94134 79
94217 425
94247 187
94253 301
94333 338
94428 474
94443 530
94454 376
94469 139
94487 8
94493 171
94523 318
94531 119
94534 411
94565 282
94641 257
94652 233
94710 149
94741 181
94746 89
94756 554
94781 99
94791 87
94817 272
94846 294
94884 476
94886 109
94887 158
94895 68
94949 351
95028 123
95106 163
95111 479
95125 157
95156 146
95182 418
95207 368
95217 551
95225 432
95260 17
95328 453
95330 64
95553 105
95557 429
95619 564
95762 385
95774 555
95838 75
95851 54
95856 492
95872 358
95907 480
95919 483
95985 267
96021 243
96047 254
96057 322
96088 129
96141 387
96309 318
96352 546
96362 548
96473 34
96477 143
96483 135
96488 289
96566 414
96583 88
96616 104
96653 115
96689 76
96729 478
96775 123
96777 259
96865 35
96898 15
96909 313
97049 184
97089 129
97114 506
97130 563
97185 48
97201 523
97243 306
97273 495
97279 390
97307 1
97326 422
97329 482
97368 78
97447 132
97453 79
97512 80
97535 251
97552 537
97567 409
97677 60
97739 170
97740 270
97810 332
97826 565
97838 499
97880 355
97883 296
97895 122
97914 289
97932 305
97945 297
97997 507
98116 47
98152 510
98160 241
98168 126
98257 26
98320 146
98321 49
98326 26
98380 435
98385 159
98386 192
98429 315
98477 124
98551 140
98560 341
98565 104
98609 432
98612 497
98620 165
98624 54
98639 517
98655 218
98681 244
98735 150
98765 23
98779 506
98827 491
98863 533
98912 490
98919 187
98935 10
98991 249
99077 546
99127 0
99129 40
99222 235
99245 518
99337 502
99379 100
99401 405
99426 192
99448 202
99569 215
99572 467
99602 235
99671 511
99692 347
99708 188
99740 42
99755 362
99761 140
99763 340
99769 549
99794 476
99800 529
99831 361
99843 564
100053 132
100071 46
100073 525
100099 508
100166 528
100193 99
100204 51
100214 339
100264 224
100335 446
100586 7
100640 277
100713 514
100734 233
100764 396
100784 306
100888 446
100925 563
100973 69
101058 310
101060 229
101109 181
101135 551
101231 128
101248 434
101265 441
101321 486
101359 387
101371 26
101380 557
101403 437
101499 138
101518 518
101641 294
101704 288
101736 121
101746 507
101793 118
101857 530
101890 331
102006 537
102023 412
102086 565
102106 53
102107 364
102110 284
102130 0
102182 460
102276 401
102291 410
102300 514
102407 257
102469 368
102510 352
102543 137
102551 306
102559 324
102570 1
102602 386
102605 350
102620 100
102624 420
102631 492
102661 53
102693 503
102758 451
102818 430
102829 341
102849 517
102858 565
102864 245
102893 199
102955 201
102988 278
103011 112
103075 357
103089 316
103152 108
103156 511
103211 2
103259 320
103320 273
103384 229
103469 414
103507 505
103591 37
103612 138
103614 136
103648 369
103698 30
103770 311
103814 97
103818 280
103835 127
103854 75
103864 68
103909 19
103944 292
103966 283
103976 40
103995 80
104000 467
104018 118
104020 558
104095 452
104096 403
104112 412
104194 260
104203 141
104247 351
104265 518
104316 47
104430 197
104464 220
104536 481
104559 137
104752 339
104754 215
104816 76
104833 379
104936 232
104954 160
104959 152
105010 204
105037 242
105192 511
105208 411
105372 167
105375 332
105419 523
105441 83
105448 245
105500 133
105563 314
105580 103
105589 172
105623 344
105656 413
105736 186
105739 226
105792 42
105805 57
105866 164
105885 497
105965 46
106027 179
106036 550
106088 552
106096 318
106124 327
106176 428
106257 191
106274 266
106276 139
106337 91
106376 315
106386 537
106427 22
106437 32
106532 66
106537 409
106558 209
106603 104
106619 512
106671 497
106696 279
106734 208
106801 2
106870 509
106881 361
106883 508
106891 168
106962 485
106977 49
107070 145
107078 31
107226 361
107247 383
107312 438
107345 323
107385 38
107387 164
107408 506
107421 155
107481 309
107574 484
107596 62
107602 165
107732 278
107750 499
107802 330
107907 411
107916 206
107935 25
107940 558
107976 448
107978 385
107981 277
108013 214
108068 209
108167 384
108176 210
108235 215
108276 428
108354 24
108392 350
108429 327
108445 481
108553 425
108638 46
108689 289
108767 449
108775 541
108787 434
108802 28
108807 149
108856 207
108894 293
108946 169
108958 350
108974 519
108984 549
109010 331
109075 248
109090 405
109117 43
109126 222
109203 238
109219 86
109226 388
109234 185
109347 527
109391 331
109413 249
109495 412
109497 130
109536 168
109544 79
109625 13
109657 125
109708 55
109721 548
109746 94
109764 476
109778 327
109806 296
109895 270
109918 338
109920 513
109921 537
109959 55
109966 158
109985 215
110005 157
110024 565
110050 81
110053 451
110057 333
110184 284
110205 161
110208 543
110271 557
110292 150
110325 283
110332 351
110354 457
110402 356
110405 64
110432 222
110452 287
110537 316
110572 391
110614 110
110654 97
110691 532
110702 331
110754 134
110819 297
110826 250
110970 563
110976 343
110979 155
111015 334
111056 18
111059 317
111093 398
111104 148
111191 513
111212 297
111283 389
111287 338
111386 77
111422 423
111463 453
111471 362
111531 199
111541 497
111578 490
111602 166
111689 321
111762 278
111774 60
111827 96
111835 393
111910 498
111972 260
112034 534
112036 314
112071 495
112123 140
112165 55
112191 311
112240 205
112251 332
112330 427
112404 556
112431 16
112651 397
112700 486
112733 301
112747 219
112771 223
112880 48
112892 390
112907 533
112966 469
112991 291
112999 289
113028 257
113032 233
113041 542
113060 408
113228 221
113248 403
113259 2
113269 323
113287 410
113417 190
113480 134
113481 81
113488 462
113626 381
113641 93
113648 491
113684 161
113696 470
113706 382
113736 131
113738 552
113848 180
113995 109
114079 210
114174 485
114221 412
114224 416
114302 156
114332 478
114445 501
114450 427
114488 238
114489 263
114530 402
114616 440
114809 476
114812 551
114813 559
114829 539
114900 30
114943 533
115002 313
115011 195
115030 95
115040 233
115053 558
115054 410
115081 220
115131 299
115143 289
115171 72
115206 281
115212 338
115282 66
115304 507
115364 218
115408 199
115443 19
115496 438
115507 92
115510 143
115518 455
115530 407
115538 5
115548 272
115576 437
115611 74
115622 437
115671 63
115754 97
115798 316
115843 22
115849 414
115908 531
116138 541
116148 93
116214 297
116296 9
116325 77
116351 32
116442 60
116449 101
116530 518
116543 436
116546 170
116569 366
116827 282
116890 413
116903 425
116952 139
117008 554
117028 336
117054 168
117090 22
117111 62
117114 194
117123 160
117151 56
117159 460
117236 163
117240 185
117345 64
117411 424
117481 66
117507 324
117524 155
117554 438
117631 32
117633 272
117636 286
117670 110
117742 458
117766 210
117856 384
117863 440
117995 170
117999 512
118019 528
118059 147
118060 89
118128 233
118149 218
118156 170
118178 146
118236 307
118291 211
118341 348
118348 122
118516 51
118602 98
118679 489
118703 552
118759 504
118850 242
118856 542
118889 557
118906 10
118923 315
118937 462
119001 58
119017 329
119041 55
119049 373
119063 105
119115 119
119132 350
119135 473
119169 480
119218 285
119230 497
119253 488
119329 471
119410 134
119428 114
119430 117
119443 233
119502 442
119529 558
119551 466
119558 108
119559 301
119622 63
119639 230
119762 55
119853 134
119998 210
120002 477
120010 555
120013 337
120020 75
120081 278
120111 334
120123 31
120155 405
120236 424
120326 518
120338 407
120339 370
120344 559
120397 21
120406 413
120426 184
120458 348
120472 370
120481 279
120540 8
120698 189
120733 146
120751 104
120890 153
120994 499
121001 124
121036 122
121114 413
121122 354
121177 244
121193 100
121247 527
121307 37
121340 3
121371 211
121400 400
121437 454
121440 459
121497 209
121549 373
121580 547
121591 439
121660 562
121813 263
121867 234
121933 532
121940 427
121990 135
122005 419
122066 404
122120 194
122140 220
122146 295
122154 523
122238 537
122271 255
122365 480
122374 428
122444 118
122453 342
122490 26
122520 451
122581 158
122582 80
122651 484
122709 103
122721 98
122736 453
122753 144
122797 184
122867 81
122877 391
122894 564
122923 328
122932 79
122940 150
122984 2
122986 546
122987 118
123152 498
123154 436
123156 196
123266 223
123272 181
123312 475
123351 278
123509 502
123516 201
123598 406
123703 59
123777 80
123794 308
123800 248
123827 107
123866 281
123868 405
123879 76
123881 120
123909 118
123938 101
123939 102
123981 19
123983 484
124001 539
124033 185
124035 245
124059 243
124204 349
124281 276
124343 294
124505 496
124515 144
124528 265
124557 288
124605 316
124612 223
124646 142
124657 558
124665 467
124679 149
124690 444
124735 135
124754 318
124803 119
124806 403
124809 180
124940 57
124976 247
125015 72
125037 207
125081 353
125135 160
125214 7
125225 45
125294 330
125310 56
125327 21
125342 438
125377 37
125540 387
125597 42
125649 100
125686 104
125751 424
125788 106
125809 140
125922 407
125927 544
126102 115
126163 325
126193 509
126303 331
126313 407
126320 172
126366 493
126369 442
126448 470
126570 281
126627 140
126665 548
126709 502
126804 230
126885 224
126894 386
127029 431
127062 519
127078 465
127116 303
127121 194
127140 119
127145 160
127146 48
127203 32
127279 16
127324 473
127371 330
127424 69
127458 360
127486 457
127500 278
127532 511
127552 520
127601 26
127624 482
127642 488
127644 291
127649 59
127683 524
127689 264
127808 485
127821 380
127843 33
127903 20
127948 179
128018 9
128081 235
128176 124
128191 364
128202 447
128228 371
128268 316
128275 452
128316 437
128365 466
128375 386
128418 306
128434 70
128468 86
128474 167
128498 2
128512 158
128532 131
128558 428
128637 434
128667 210
128688 113
128789 337
129056 336
129073 410
129093 343
129112 57
129118 432
129127 424
129221 218
129222 221
129238 376
129301 334
129307 321
129330 527
129334 474
129350 178
129405 539
129419 205
129433 22
129490 526
129512 499
129515 119
129519 469
129524 279
129603 290
129685 132
129692 394
129758 195
129769 164
129781 214
129786 359
129831 508
129864 4
129875 515
129876 24
129945 280
130043 520
130089 18
130141 472
130169 353
130185 233
130259 299
130263 386
130341 211
130478 86
130531 57
130590 252
130607 257
130618 162
130644 171
130649 565
130658 26
130704 148
130764 306
130823 237
130907 113
130919 237
130933 543
130946 385
131049 252
131070 20
131080 498
131081 345
131096 168
131182 475
131216 13
131285 469
131287 308
131290 489
131293 498
131305 553
131308 317
131327 220
131354 391
131356 256
131361 285
131386 209
131404 297
131552 408
131617 496
131648 239
131735 226
131746 548
131856 195
131924 18
131933 66
131946 383
131966 393
131974 56
132029 369
132039 154
132044 343
132084 377
132117 214
132142 262
132249 517
132266 192
132272 188
132284 290
132290 180
132340 160
132355 25
132479 419
132530 91
132600 287
132664 44
132721 541
132765 247
132802 154
132866 64
132916 429
132917 56
132920 110
132941 217
132987 338
133033 252
133114 20
133139 478
133196 130
133232 417
133297 394
133324 439
133342 540
133361 370
133417 291
133435 300
133464 277
133501 418
133598 8
133620 295
133668 506
133687 427
133705 141
133733 348
133744 84
133760 44
133831 492
133904 128
133970 144
134051 339
134107 154
134112 177
134167 430
134169 388
134225 284
134233 279
134252 347
134262 441
134337 223
134341 526
134393 112
134449 350
134451 1
134473 174
134555 25
134558 90
134565 223
134662 529
134684 345
134731 537
134796 116
134812 244
134835 71
134848 133
134876 235
134882 152
134918 531
135001 378
135109 189
135252 468
135270 32
135436 313
135458 515
135483 508
135511 114
135582 192
135601 110
135657 488
135671 38
135674 476
135699 148
135703 56
135711 0
135766 82
135781 421
135918 403
135979 543
135990 142
136068 429
136074 222
136197 565
136247 208
136255 286
136265 291
136297 186
136313 32
136347 265
136353 449
136377 523
136483 455
136525 516
136552 266
136630 445
136678 421
136708 494
136713 286
136791 492
136870 38
136887 60
136920 537
136941 532
136942 231
136948 465
137028 50
137082 387
137136 381
137144 129
137174 559
137289 164
137318 468
137339 23
137385 168
137479 435
137521 12
137537 352
137560 166
137597 275
137643 449
137657 330
137738 39
137749 363
137800 265
137877 164
137900 465
137933 561
137972 4
137973 198
137986 537
137990 554
138125 268
138160 243
138215 132
138310 267
138311 128
138313 516
138326 182
138356 23
138415 240
138430 142
138440 516
138450 507
138546 156
138556 127
138565 209
138573 112
138644 457
138681 347
138682 309
138685 39
138741 81
138893 41
138916 302
138920 147
139042 253
139069 117
139085 427
139089 158
139090 200
139116 145
139165 403
139188 322
139216 47
139223 318
139260 154
139298 229
139318 347
139342 500
139348 335
139353 61
139354 370
139368 226
139388 238
139431 249
139487 106
139532 282
139619 86
139621 238
139631 142
139786 491
139814 348
139826 532
139835 425
139901 214
139917 547
139942 218
139979 455
140037 17
140046 264
140070 565
140110 95
140136 314
140150 320
140292 316
140356 543
140377 193
140409 395
140421 455
140443 60
140450 450
140452 381
140459 394
140483 547
140532 398
140553 113
140599 51
140616 114
140655 391
140710 352
140720 331
140753 382
140852 89
140869 118
140995 467
141009 83
141045 220
141110 453
141113 169
141168 461
141176 8
141222 165
141240 513
141346 42
141388 317
141402 147
141407 0
141414 170
141431 225
141442 113
141489 234
141554 59
141564 351
141572 302
141590 3
141619 335
141629 500
141648 86
141713 272
141779 217
141841 50
141869 456
141881 469
141888 381
141891 217
141909 287
141917 279
141968 467
142011 157
142020 391
142084 457
142131 34
142175 67
142184 291
142218 22
142305 230
142310 241
142319 229
142330 224
142333 198
142390 266
142464 557
142590 340
142653 366
142733 15
142748 394
142816 29
142869 298
142876 549
142877 436
142985 100
142990 209
143008 309
143045 446
143082 553
143113 55
143182 312
143184 248
143201 401
143215 220
143216 9
143225 57
143281 425
143293 421
143353 25
143406 417
143415 506
143419 348
143441 416
143460 38
143507 550
143513 311
143541 128
143719 502
143823 176
143835 557
143850 284
143853 58
143864 204
143935 28
143954 340
144013 356
144039 508
144049 531
144087 367
144103 351
144110 508
144115 226
144199 18
144214 113
144228 182
144256 461
144276 358
144278 436
144302 69
144309 46
144401 457
144434 458
144436 293
144458 397
144486 448
144500 394
144544 264
144547 328
144573 245
144631 460
144684 176
144721 94
144831 396
144937 240
145002 66
145028 415
145127 49
145156 554
145191 558
145234 73
145291 2
145358 265
145382 523
145383 551
145399 471
145458 65
145463 236
145475 50
145479 125
145506 531
145521 12
145563 150
145567 121
145577 404
145585 524
145655 555
145757 380
145779 229
145813 283
145831 542
145846 95
145848 270
145881 203
145912 397
145945 45
145984 521
145988 177
145995 120
146023 244
146122 413
146138 437
146185 164
146207 91
146252 24
146293 43
146494 139
146497 267
146565 246
146566 302
146570 99
146675 126
146700 69
146721 9
146751 205
146803 516
146808 259
146816 328
146852 509
146889 160
147034 354
147046 127
147092 424
147094 79
147153 335
147159 514
147214 53
147219 145
147228 321
147240 437
147341 13
147385 37
147410 504
147449 58
147508 153
147526 435
147612 376
147814 340
147834 29
147885 115
147924 508
147928 234
148121 139
148163 120
148227 535
148389 421
148522 380
148585 255
148616 259
148646 201
148695 533
148700 354
148735 68
148744 12
148751 548
148760 463
148837 192
148847 487
148880 511
148882 227
148954 34
148960 464
149010 542
149022 167
149042 468
149082 82
149137 439
149193 212
149279 565
149298 40
149428 353
149511 473
149637 68
149682 312
149738 539
149817 471
149821 393
149852 33
149981 487
150005 449
150032 351
150063 164
150081 531
150088 221
150103 146
150119 543
150125 110
150223 151
150307 269
150320 376
150341 94
150367 299
150442 35
150475 469
150572 35
150609 247
150652 106
150701 43
150706 517
150730 262
150737 468
150758 180
150774 332
150867 468
150948 327
150959 27
150962 445
151054 78
151071 419
151073 248
151090 282
151094 312
151103 112
151146 78
151187 81
151201 279
151233 357
151260 521
151269 243
151321 56
151327 49
151387 34
151396 95
151457 162
151492 94
151550 412
151598 6
151698 225
151704 336
151733 260
151736 63
151739 342
151740 176
151741 443
151761 26
151820 317
151825 330
151862 203
151915 239
151954 202
151987 244
151990 174
152012 9
152058 335
152093 141
152095 396
152112 82
152125 224
152148 193
152155 491
152173 549
152194 296
152224 29
152305 172
152329 299
152370 37
152493 425
152510 228
152565 46
152788 214
152803 29
152806 394
152814 217
152817 370
152866 155
152894 66
152904 540
152942 452
152970 58
152995 28
153050 310
153077 523
153097 161
153117 375
153132 263
153183 21
153224 72
153229 179
153302 229
153372 550
153412 450
153448 255
153509 76
153539 161
153546 182
153614 111
153684 429
153720 72
153775 15
153834 60
153859 302
153864 87
153905 155
153929 293
153972 177
153997 188
154001 57
154059 516
154069 191
154077 239
154118 18
154154 284
154213 132
154250 315
154261 238
154302 425
154421 456
154510 350
154513 213
154518 431
154562 354
154565 453
154614 497
154661 546
154670 517
154688 497
154799 4
154817 417
154827 6
154840 284
154861 542
154872 220
154927 89
154998 303
155003 345
155012 437
155058 16
155084 330
155136 265
155197 372
155271 384
155306 490
155308 194
155312 40
155350 345
155376 338
155451 505
155468 12
155555 119
155586 26
155651 444
155716 298
155780 181
155784 316
155843 517
155852 365
155886 466
155913 370
155920 351
155969 457
155979 129
155998 53
156002 437
156006 12
156162 382
156164 455
156187 502
156202 156
156210 251
156278 564
156294 31
156333 538
156413 88
156448 27
156505 187
156579 4
156610 150
156614 385
156615 124
156661 12
156746 436
156812 201
156853 90
156891 491
156926 264
157002 544
157030 288
157123 227
157164 293
157186 250
157257 175
157279 231
157311 313
157314 347
157370 448
157408 377
157439 261
157448 352
157488 51
157497 68
157616 106
157655 263
157659 26
157664 350
157690 324
157714 457
157793 217
157825 547
158044 198
158098 357
158112 53
158113 309
158160 393
158198 533
158262 337
158267 260
158269 131
158295 109
158367 3
158422 181
158485 447
158493 111
158510 93
158518 407
158615 467
158665 139
158761 440
158821 360
158845 245
158877 163
158878 401
158930 51
159038 145
159050 449
159061 29
159065 42
159135 176
159147 119
159171 263
159273 226
159286 379
159325 120
159347 250
159418 521
159497 242
159505 512
159510 543
159730 45
159739 159
159817 270
159832 558
159862 99
159875 466
159893 439
159906 180
159913 329
160084 466
160144 247
160155 364
160171 79
160173 321
160174 118
160202 24
160215 421
160229 92
160238 372
160244 438
160312 254
160346 125
160355 504
160384 227
160408 300
160417 152
160547 277
160639 184
160676 557
160761 383
160769 239
160817 274
160823 25
160862 220
160908 451
160914 303
160924 433
160978 267
161018 169
161097 74
161164 56
161183 451
161217 176
161221 125
161234 9
161321 278
161343 350
161487 343
161528 353
161735 207
161755 90
161844 379
161943 374
161948 329
162072 10
162119 448
162123 64
162156 402
162177 528
162225 412
162292 122
162299 255
162307 438
162311 463
162367 272
162377 527
162395 517
162469 26
162471 249
162474 87
162535 111
162546 220
162636 392
162640 476
162660 469
162702 358
162957 69
163024 438
163034 366
163064 407
163148 270
163152 455
163167 85
163242 438
163248 531
163348 543
163353 111
163369 25
163453 254
163535 173
163547 316
163654 157
163697 435
163699 521
163719 338
163757 174
163759 421
163763 232
163848 551
163855 30
163948 64
163949 176
163966 54
163974 459
164125 287
164128 305
164150 209
164159 123
164179 81
164217 12
164275 534
164278 298
164280 287
164300 17
164344 270
164454 457
164479 563
164483 483
164486 181
164527 40
164594 429
164630 157
164635 473
164661 312
164810 75
164842 432
164845 379
164858 75
164865 405
164871 493
164879 61
164922 387
164926 451
164955 110
164959 116
164970 536
165097 498
165106 53
165154 409
165193 394
165266 124
165289 528
165372 426
165374 38
165398 131
165504 374
165519 349
165535 252
165555 501
165593 302
165596 513
165620 32
165679 400
165685 285
165706 451
165714 162
165755 124
165845 234
165857 551
165938 294
166030 309
166105 300
166190 173
166301 441
166413 272
166491 483
166615 526
166654 378
166657 83
166660 497
166676 217
166762 5
166797 453
166818 506
166874 175
166894 389
166967 157
166976 423
167009 94
167037 301
167076 227
167094 344
167109 17
167121 234
167128 212
167141 297
167195 106
167224 207
167401 544
167412 433
167424 383
167447 71
167564 382
167643 305
167713 228
167715 276
167777 259
167780 77
167805 211
167835 377
167887 477
167895 289
167896 412
167976 13
168020 79
168079 545
168143 139
168146 436
168242 546
168256 431
168273 216
168283 99
168353 196
168367 187
168415 489
168647 267
168693 108
168850 419
168946 488
169001 346
169031 325
169096 453
169137 334
169185 357
169273 274
169285 415
169292 71
169295 278
169318 455
169334 257
169346 36
169385 147
169447 320
169452 322
169459 71
169464 426
169575 524
169595 304
169634 28
169656 74
169658 410
169734 130
169806 537
169854 175
169907 43
169962 17
169967 233
169980 536
170127 235
170154 89
170183 364
170275 277
170307 186
170308 123
170326 265
170342 244
170350 123
170391 26
170398 217
170414 522
170437 69
170554 342
170583 139
170613 291
170654 40
170696 117
170743 330
170788 161
170881 410
170907 166
170915 484
170964 219
170966 220
170987 137
171043 448
171049 134
171143 67
171213 255
171230 223
171359 17
171382 361
171392 102
171401 528
171424 76
171464 549
171485 482
171551 88
171561 509
171591 383
171596 181
171620 174
171651 218
171672 227
171741 450
171801 455
171867 148
171889 36
171911 376
172164 515
172225 372
172306 130
172333 401
172351 425
172386 528
172407 425
172418 508
172420 460
172432 276
172441 69
172453 7
172552 62
172564 209
172571 407
172572 98
172609 474
172676 290
172678 193
172687 258
172690 470
172708 295
172741 365
172761 363
172784 399
172789 382
172855 234
172899 427
172927 545
172932 395
172975 91
173053 178
173099 469
173101 25
173102 298
173107 499
173202 374
173225 318
173228 60
173287 134
173332 348
173372 219
173389 99
173405 281
173484 21
173524 422
173540 373
173562 102
173611 279
173621 145
173659 64
173666 167
173698 417
173716 388
173770 94
173868 260
173925 326
173997 86
174050 114
174089 354
174099 174
174116 334
174245 465
174301 394
174315 2
174430 538
174434 71
174444 395
174519 353
174537 447
174551 48
174583 501
174687 410
174725 77
174742 150
174759 386
174797 548
174836 261
174887 195
174944 422
174957 413
175033 240
175175 319
175187 340
175300 517
175318 146
175444 81
175548 390
175606 41
175608 26
175630 422
175674 236
175693 83
175699 420
175797 512
175798 370
175854 263
175892 190
175945 131
175957 378
175994 307
176036 333
176080 341
176092 266
176135 193
176162 71
176165 114
176194 274
176210 397
176219 155
176254 152
176355 214
176405 317
176452 277
176512 0
176518 236
176548 468
176558 244
176570 398
176574 355
176583 132
176631 239
176688 114
176744 271
176765 27
176768 395
176913 264
176934 305
176941 523
176956 104
176959 425
177008 515
177062 545
177077 24
177118 255
177160 502
177204 219
177218 262
177251 47
177359 11
177364 17
177412 62
177438 87
177478 385
177481 557
177557 91
177607 336
177609 281
177640 234
177669 127
177745 119
177749 312
177783 239
177790 287
177909 118
177947 558
178047 425
178072 47
178091 93
178097 219
178098 183
178103 354
178122 351
178129 459
178135 231
178178 211
178206 129
178342 535
178352 91
178375 113
178392 53
178399 169
178470 381
178488 140
178557 308
178595 492
178672 430
178698 151
178716 384
178719 308
178722 428
178817 345
178978 503
179008 129
179009 5
179030 238
179034 349
179082 537
179095 58
179103 73
179142 472
179409 293
179443 279
179501 553
179508 489
179536 148
179572 249
179650 343
179665 241
179733 215
179754 150
179815 305
179896 295
179921 98
179958 389
179971 155
179999 171
180058 66
180118 327
180121 549
180143 349
180153 36
180155 59
180197 219
180225 286
180280 548
180336 322
180363 370
180366 565
180432 406
180476 74
180657 118
180678 444
180693 130
180710 239
180718 456
180719 245
180796 55
180825 306
180850 39
180851 144
180852 463
180918 309
180942 520
180972 170
181010 132
181031 355
181053 489
181073 435
181076 439
181084 168
181117 131
181166 255
181181 152
181366 463
181381 22
181383 213
181457 509
181555 187
181620 266
181658 258
181704 36
181707 83
181808 281
181903 14
181915 62
181929 483
181944 30
181957 381
181971 169
181996 373
182011 320
182012 111
182035 544
182063 162
182084 91
182135 78
182144 468
182156 88
182170 115
182177 337
182191 286
182213 372
182244 428
182259 498
182261 466
182290 223
182308 328
182342 486
182371 67
182377 552
182389 502
182393 287
182440 227
182481 22
182516 479
182554 522
182570 49
182603 516
182673 449
182760 417
182775 166
182780 518
182862 559
182885 2
182890 246
182902 13
182932 449
182983 539
183006 440
183037 172
183057 273
183097 283
183099 322
183115 552
183132 137
183179 395
183208 477
183244 238
183312 41
183333 547
183359 403
183535 33
183561 412
183688 286
183720 152
183816 31
183915 238
183919 281
183974 55
184049 4
184112 316
184142 371
184149 547
184174 140
184193 258
184246 60
184268 460
184304 99
184370 328
184413 225
184485 341
184508 439
184540 155
184599 380
184604 451
184629 393
184644 80
184721 175
184758 66
184804 49
184882 460
184911 389
184932 401
184959 4
184977 515
185050 563
185067 358
185175 514
185238 347
185239 343
185243 419
185356 137
185391 147
185469 412
185596 543
185631 440
185657 164
185665 116
185727 120
185761 404
185763 336
185766 398
185802 12
185838 239
185876 371
185877 417
185896 553
186043 4
186053 482
186103 115
186167 193
186318 174
186356 105
186383 246
186402 63
186408 265
186454 131
186461 181
186472 444
186523 504
186545 438
186582 474
186635 344
186706 561
186729 331
186737 155
186836 99
186869 315
186886 56
187078 431
187087 81
187097 520
187115 228
187125 357
187132 558
187160 356
187214 86
187238 290
187292 179
187318 126
187406 395
187432 468
187511 47
187529 134
187536 214
187555 296
187565 178
187653 360
187684 301
187750 307
187752 258
187765 118
187864 462
188000 137
188014 111
188019 11
188064 550
188150 441
188166 76
188292 417
188297 204
188308 208
188351 92
188361 394
188428 440
188481 163
188484 544
188493 508
188596 259
188605 74
188640 135
188706 325
188711 343
188814 152
188846 380
188865 527
188968 437
189003 55
189060 477
189120 346
189156 309
189243 397
189270 65
189304 251
189336 464
189368 99
189370 227
189423 110
189467 263
189500 202
189577 291
189590 364
189595 220
189616 547
189623 20
189656 413
189760 165
189770 29
189855 387
189892 403
189903 453
189959 375
189989 548
190031 135
190052 144
190086 172
190142 502
190256 506
190268 212
190343 261
190363 256
190371 196
190423 245
190442 361
190446 13
190462 215
190528 70
190529 215
190532 406
190568 299
190707 122
190775 421
190779 444
190817 216
190823 285
190894 322
191013 22
191107 397
191131 178
191146 335
191161 391
191298 93
191362 9
191392 515
191442 93
191464 402
191482 154
191505 275
191507 54
191584 122
191618 404
191676 315
191729 398
191740 128
191774 464
191790 164
191850 296
191854 458
191856 10
191886 133
191909 145
191945 413
191992 58
192051 458
192188 2
192208 389
192267 548
192289 280
192298 379
192325 468
192350 493
192354 160
192373 127
192376 264
192386 362
192432 396
192518 181
192539 346
192560 123
192580 225
192589 471
192592 8
192653 299
192680 17
192688 14
192762 390
192848 552
192984 167
192992 37
193046 251
193092 264
193098 342
193157 326
193166 120
193226 361
193262 11
193286 395
193287 155
193296 309
193309 241
193341 92
193345 266
193350 49
193405 192
193411 299
193469 487
193680 526
193703 444
193729 386
193970 172
193984 345
193998 449
194012 203
194014 303
194104 211
194230 271
194259 45
194373 382
194380 405
194394 138
194455 103
194465 413
194504 14
194514 187
194543 370
194581 490
194603 534
194612 292
194636 75
194720 251
194756 242
194784 319
194788 391
194800 67
194828 519
194836 434
194875 479
194935 502
194942 463
194963 471
194986 167
194998 225
195026 451
195106 372
195150 182
195162 66
195233 473
195242 305
195246 192
195276 363
195287 425
195307 513
195341 115
195401 440
195410 346
195434 295
195519 495
195520 391
195573 397
195591 43
195730 282
195828 458
195876 263
195975 34
196007 180
196063 554
196072 209
196079 11
196085 116
196095 431
196138 434
196178 316
196241 196
196255 292
196304 221
196329 128
196343 170
196455 441
196464 4
196525 451
196540 323
196597 312
196705 543
196737 51
196743 464
196816 481
196849 287
196869 227
196942 409
197037 329
197041 231
197104 242
197151 428
197159 532
197214 5
197265 51
197298 291
197337 295
197361 123
197397 363
197398 264
197423 354
197565 510
197566 470
197603 535
197623 418
197639 126
197646 38
197797 213
197849 219
197901 474
198031 147
198056 277
198106 396
198110 214
198161 323
198238 205
198268 437
198286 214
198305 190
198365 77
198409 9
198422 430
198672 386
198727 421
198729 290
198762 21
198818 37
198846 288
198901 357
198984 285
198992 429
199069 424
199097 146
199102 526
199136 522
199138 163
199245 210
199246 531
199248 462
199291 70
199306 151
199312 58
199327 390
199363 56
199377 283
199412 296
199423 267
199435 447
199485 228
199533 185
199548 445
199584 151
199590 377
199598 121
199623 503
199638 460
199644 284
199738 277
199746 299
199779 291
199780 109
199781 163
199822 177
199825 224
199873 451
199922 25
199955 194
199969 421
199996 542
200022 230
200035 174
200066 453
200075 30
200265 427
200304 287
200362 474
200392 40
200418 486
200424 509
200456 536
200493 352
200522 549
200625 157
200777 255
200787 270
200861 302
200919 239
200934 6
200958 186
201013 68
201082 311
201203 216
201240 261
201250 437
201267 464
201315 560
201337 144
201460 213
201488 533
201555 435
201575 388
201588 116
201592 362
201601 331
201733 556
201779 456
201808 376
201816 88
201821 245
201921 277
201932 367
201956 394
202045 249
202047 246
202065 510
202073 455
202106 288
202151 84
202160 160
202164 118
202336 524
202387 370
202391 508
202448 310
202514 153
202575 269
202628 282
202646 109
202678 461
202710 269
202728 36
202756 221
202810 384
202846 25
202907 468
202908 410
202940 390
203009 266
203033 220
203046 420
203054 437
203080 390
203086 389
203097 547
203108 418
203278 366
203340 293
203341 320
203349 371
203385 564
203410 366
203458 31
203473 318
203501 456
203617 466
203647 81
203681 25
203749 424
203799 55
203847 565
203916 399
203955 363
203964 387
203972 239
203987 464
204007 466
204030 81
204110 454
204156 230
204191 373
204200 91
204262 468
204270 361
204302 532
204352 166
204459 325
204747 332
204756 126
204768 240
204807 346
204817 39
204838 403
204847 179
204874 521
204923 72
204956 540
204968 218
205025 280
205041 247
205095 369
205113 189
205153 545
205183 495
205193 552
205221 478
205230 335
205242 528
205304 339
205326 411
205340 327
205354 158
205430 393
205432 205
205480 237
205541 271
205543 99
205607 409
205612 207
205646 212
205661 69
205670 319
205717 285
205743 295
205747 537
205757 242
205785 315
205831 223
205842 435
205895 550
205902 315
205924 147
205974 150
206129 494
206167 329
206177 552
206223 266
206252 238
206390 21
206498 44
206664 108
206690 291
206742 121
206833 1
206988 377
207127 97
207136 241
207157 541
207201 234
207268 184
207489 45
207502 397
207532 476
207536 297
207617 36
207652 491
207663 61
207681 3
207695 165
207708 542
207864 270
207871 232
207962 79
207966 184
208101 243
208115 29
208165 13
208200 324
208206 72
208229 120
208278 183
208302 475
208348 269
208354 565
208379 266
208499 265
208612 79
208692 486
208704 555
208711 142
208731 286
208744 81
208772 513
208820 384
208821 97
208905 432
208931 203
208966 114
209034 434
209042 181
209052 90
209111 105
209124 378
209125 328
209165 130
209232 35
209282 76
209290 151
209291 522
209402 43
209405 474
209474 334
209482 251
209542 19
209551 562
209567 254
209573 81
209611 256
209674 385
209675 263
209766 489
209794 365
209844 517
209845 372
209920 67
209973 395
210095 194
210181 228
210186 526
210222 74
210234 36
210246 243
210291 418
210301 214
210357 401
210370 361
210380 529
210418 549
210490 386
210527 402
210588 215
210608 430
210657 173
210663 488
210673 441
210875 295
210945 159
211060 306
211068 521
211127 512
211136 243
211141 83
211143 63
211370 425
211421 401
211451 68
211455 178
211526 241
211550 401
211591 147
211637 104
211641 558
211646 365
211661 321
211722 135
211779 130
211797 524
211810 279
211907 30
211917 358
211952 201
212005 522
212013 100
212032 516
212101 375
212137 14
212192 342
212198 233
212234 281
212384 232
212434 430
212473 66
212517 533
212552 344
212764 478
212774 341
212782 562
212810 227
212817 526
212831 6
212865 528
212866 203
212895 113
212951 84
212996 427
213027 245
213054 114
213084 113
213090 92
213153 80
213154 422
213162 24
213174 345
213183 114
213281 128
213341 485
213352 88
213371 262
213472 308
213478 387
213482 337
213490 174
213496 225
213519 176
213527 337
213541 146
213557 298
213570 349
213575 292
213640 34
213691 348
213786 4
213842 178
213866 397
213940 358
213958 545
213967 331
213979 214
214137 411
214181 108
214195 5
214217 377
214246 426
214258 381
214270 58
214320 8
214368 370
214393 548
214418 109
214485 72
214518 448
214534 94
214536 416
214542 448
214563 194
214567 246
214627 443
214763 309
214765 365
214829 96
214847 471
214931 19
215004 216
215020 326
215088 270
215094 353
215162 183
215206 323
215230 272
215459 463
215493 245
215529 215
215548 91
215570 29
215718 350
215739 460
215766 264
215808 505
215832 11
215856 172
215882 355
215983 188
216099 351
216188 242
216192 511
216202 396
216217 487
216220 420
216248 449
216254 127
216318 374
216363 275
216393 93
216419 13
216443 2
216483 226
216498 342
216508 18
216513 83
216525 466
216550 81
216640 128
216646 247
216653 332
216663 558
216673 531
216697 454
216701 554
216767 326
216927 271
217070 183
217073 565
217105 66
217109 405
217128 536
217136 307
217209 241
217256 164
217278 498
217358 392
217434 71
217472 193
217573 418
217587 428
217601 173
217611 165
217648 181
217661 113
217682 233
217776 473
217793 66
217811 120
217840 51
217866 561
218000 216
218043 474
218070 179
218077 248
218079 283
218087 210
218149 244
218190 248
218243 539
218281 107
218298 314
218299 411
218341 229
218448 123
218474 251
218482 264
218548 505
218561 190
218570 274
218626 151
218785 549
218823 448
218842 170
218851 87
218862 492
218878 352
218899 209
218915 55
218971 164
218985 154
219035 297
219086 318
219106 25
219193 355
219221 381
219307 291
219346 302
219359 26
219427 304
219435 51
219454 308
219501 471
219594 35
219696 390
219712 140
219836 51
219892 397
219932 107
219984 313
220049 156
220058 404
220117 494
220127 54
220223 47
220261 68
220268 23
220309 503
220388 328
220503 456
220514 173
220516 130
220535 467
220637 28
220680 341
220748 540
220815 312
220867 398
220928 476
220965 501
220989 421
220991 293
221011 537
221030 560
221118 113
221129 118
221140 278
221175 45
221196 371
221199 58
221210 529
221212 51
221237 454
221297 162
221336 236
221343 68
221349 133
221387 325
221394 18
221425 49
221435 467
221448 275
221462 511
221493 419
221524 376
221594 463
221628 511
221719 48
221765 398
221782 198
221786 309
221810 161
221868 63
221943 548
221948 241
221950 213
221961 200
222036 322
222047 243
222061 462
222064 88
222102 393
222104 307
222162 433
222172 88
222176 209
222222 333
222262 275
222308 292
222331 479
222440 289
222449 111
222525 49
222580 69
222607 45
222713 348
222723 324
222737 167
222741 52
222743 206
222753 101
222803 539
222858 221
222880 266
222970 506
222984 482
223003 307
223004 153
223041 462
223060 84
223146 188
223201 75
223290 42
223311 13
223318 278
223336 236
223378 70
223395 248
223422 458
223514 239
223560 129
223572 63
223628 183
223646 228
223651 439
223681 21
223685 179
223692 8
223711 340
223712 318
223715 242
223863 431
223893 198
223901 37
223907 64
223932 490
223948 431
224095 65
224098 205
224125 129
224130 40
224141 141
224159 248
224170 443
224171 172
224187 74
224237 183
224322 160
224364 55
224380 473
224389 474
224435 313
224470 386
224512 389
224513 106
224607 105
224618 103
224639 367
224676 396
224697 374
224754 448
224804 57
224848 11
224904 443
224921 346
225122 118
225136 310
225199 0
225208 282
225209 230
225229 131
225270 338
225312 178
225321 209
225373 498
225390 296
225432 64
225469 204
225474 226
225479 286
225484 404
225499 390
225527 186
225618 12
225635 178
225656 344
225809 20
225821 168
225832 367
225833 78
225865 459
225870 109
225877 154
225911 180
225968 343
225991 279
226095 83
226106 32
226107 363
226124 271
226135 200
226162 300
226202 437
226209 395
226301 115
226312 409
226327 261
226413 348
226415 121
226434 374
226476 503
226510 465
226600 489
226680 536
226706 142
226727 429
226762 533
226775 146
226822 265
226941 354
226983 126
226999 8
227043 139
227081 419
227104 15
227123 76
227217 0
227336 465
227412 472
227468 211
227471 112
227476 391
227481 239
227595 484
227679 513
227703 320
227708 470
227741 461
227744 120
227774 304
227784 542
227826 88
227948 356
228096 467
228119 424
228127 312
228239 188
228249 50
228302 109
228411 367
228415 240
228424 130
228435 450
228436 188
228471 492
228481 318
228510 229
228538 97
228556 197
228594 76
228624 106
228627 498
228648 98
228686 353
228690 162
228739 307
228765 541
228826 168
228831 172
228866 0
228896 96
228925 543
228969 404
228985 22
229001 272
229034 305
229065 265
229198 418
229202 336
229276 223
229290 226
229376 156
229384 109
229396 186
229422 502
229437 30
229439 494
229491 332
229507 447
229613 475
229631 271
229650 480
229672 82
229790 25
229806 206
229825 140
229864 340
229886 521
229987 531
230050 147
230237 491
230242 3
230278 409
230295 230
230336 117
230394 80
230430 358
230464 430
230497 360
230551 532
230557 106
230596 434
230633 319
230678 321
230695 543
230726 137
230729 321
230803 463
230906 151
230931 79
230933 352
230986 388
230995 291
231007 481
231019 123
231091 251
231110 280
231119 20
231121 516
231156 246
231234 93
231277 548
231327 304
231386 377
231448 152
231510 485
231595 318
231625 61
231628 465
231749 201
231750 459
231811 252
231824 8
231849 208
231949 48
232010 453
232021 272
232077 556
232108 368
232174 469
232197 386
232245 12
232254 469
232258 28
232317 258
232320 340
232331 303
232422 154
232434 114
232438 44
232454 317
232510 192
232542 188
232719 228
232725 254
232728 500
232752 177
232799 324
232816 285
232817 257
232821 164
233001 7
233032 5
233045 433
233049 208
233104 266
233204 307
233267 287
233346 452
233438 22
233448 565
233546 409
233560 361
233573 383
233578 185
233583 140
233619 69
233630 103
233635 312
233747 140
233843 405
233891 481
233902 298
233918 78
233933 154
233940 327
233952 58
233965 330
234016 339
234027 501
234126 222
234131 309
234158 224
234207 368
234320 382
234407 492
234425 349
234473 369
234478 46
234537 267
234553 548
234555 354
234557 200
234565 460
234681 266
234726 498
234802 471
234823 216
234832 87
234833 101
234900 527
234901 126
234931 437
235010 392
235083 378
235089 118
235127 123
235195 401
235227 24
235255 296
235282 125
235301 215
235303 470
235357 162
235519 449
235542 462
235591 292
235592 155
235604 519
235733 81
235766 75
235782 125
235798 105
235900 521
235909 257
235931 421
235974 481
235979 414
236022 502
236063 386
236088 274
236107 1
236135 386
236148 250
236187 245
236188 442
236246 142
236251 550
236258 30
236266 360
236292 536
236306 198
236308 26
236309 543
236311 395
236350 312
236357 29
236387 401
236437 478
236443 216
236455 102
236461 36
236482 168
236483 348
236499 135
236510 482
236517 321
236525 146
236561 131
236570 385
236672 488
236682 65
236776 446
236842 367
236880 554
236881 517
236887 111
237033 336
237059 8
237067 479
237078 262
237123 249
237124 510
237169 365
237174 521
237189 37
237247 317
237254 396
237270 5
237286 557
237455 216
237542 84
237575 496
237626 42
237710 540
237807 83
237827 352
237860 253
237888 163
237891 373
237900 238
237949 564
238101 515
238146 188
238242 26
238256 514
238277 121
238279 5
238282 453
238285 557
238338 5
238343 98
238381 408
238418 89
238465 463
238474 76
238504 123
238508 258
238602 254
238619 545
238674 160
238693 555
238708 228
238710 81
238735 33
238822 283
238830 41
238835 516
238880 165
238978 232
238982 82
239012 372
239029 376
239033 158
239037 277
239047 498
239103 361
239178 65
239179 530
239190 301
239409 91
239410 106
239420 95
239424 526
239447 14
239462 324
239469 502
239478 303
239508 194
239572 377
239640 34
239670 344
239715 232
239764 420
239780 557
239792 195
239798 175
239827 215
239851 360
239865 531
239906 369
239933 472
239962 420
239979 52
239982 107
240036 520
240047 174
240075 538
240123 142
240168 38
240178 548
240198 216
240210 536
240264 427
240297 42
240342 140
240391 116
240394 152
240506 257
240523 19
240562 69
240679 507
240700 273
240771 84
240821 306
240830 550
240857 357
240873 446
240905 67
240934 92
240942 135
240962 522
240984 279
240992 222
241106 313
241127 337
241170 216
241195 61
241271 192
241282 339
241363 269
241395 222
241399 525
241406 387
241407 411
241478 137
241606 147
241612 232
241665 202
241727 398
241819 131
241832 333
241868 448
241913 271
241918 540
241921 9
241942 369
241962 303
241995 335
242004 356
242018 39
242096 161
242111 20
242156 47
242175 283
242234 172
242284 50
242369 196
242450 333
242517 9
242546 514
242547 551
242578 250
242605 81
242606 413
242662 200
242723 364
242761 74
242804 191
242813 41
242882 2
242900 323
242903 153
242999 553
243074 423
243270 229
243310 15
243328 123
243352 502
243369 286
243405 76
243480 237
