#io generator
#numio=4062 maxtracks=482 lambda=0.500000
1 223
104 360
167 80
197 8
283 30
385 232
490 186
501 53
534 225
625 214
647 342
729 417
842 159
876 394
906 395
993 109
1021 319
1136 423
1230 133
1334 289
1368 376
1375 118
1391 99
1427 240
1500 79
1611 432
1712 326
1797 402
1807 314
1838 446
1882 258
1902 43
1955 443
2044 475
2098 62
2184 290
2222 451
2314 352
2358 232
2462 181
2500 372
2505 69
2570 29
2594 125
2632 86
2707 438
2746 375
2789 231
2866 99
2914 105
2947 112
3040 342
3056 304
3101 290
3111 163
3227 238
3237 15
3306 347
3315 428
3431 224
3437 321
3475 220
3521 382
3631 69
3672 174
3705 307
3722 22
3813 392
3864 197
3972 399
4011 203
4122 202
4127 318
4181 457
4250 473
4251 149
4287 228
4371 72
4413 433
4427 392
4453 234
4500 214
4556 125
4581 10
4654 89
4751 27
4816 381
4866 321
4913 479
4979 46
5095 304
5136 160
5146 77
5196 249
5201 305
5234 155
5245 379
5331 313
5335 12
5408 344
5428 252
5515 395
5546 121
5597 371
5621 50
5720 106
5802 130
5860 406
5904 16
5940 238
6013 335
6106 379
6156 282
6201 254
6267 53
6291 397
6359 7
6429 457
6455 64
6534 247
6557 281
6638 469
6736 138
6829 139
6861 86
6949 477
7050 290
7137 171
7155 103
7257 386
7289 61
7356 461
7369 131
7475 197
7516 302
7624 310
7644 316
7710 32
7821 209
7857 127
7923 69
7948 235
8031 14
8127 450
8151 351
8233 274
8331 175
8386 481
8455 209
8496 20
8501 159
8576 131
8693 145
8727 447
8809 337
8827 169
8923 214
9019 284
9068 329
9123 346
9165 126
9193 129
9260 393
9286 126
9310 324
9340 150
9458 282
9576 141
9684 442
9686 302
9696 183
9745 267
9766 28
9768 435
9830 361
9861 408
9864 280
9913 412
10010 354
10020 252
10023 202
10078 14
10132 155
10241 210
10276 269
10334 354
10336 49
10448 43
10460 413
10534 426
10550 251
10658 364
10777 376
10842 351
10945 61
11031 147
11102 384
11133 83
11144 117
11209 228
11300 75
11320 402
11345 78
11453 189
11454 288
11481 92
11492 97
11604 54
11721 266
11817 419
11891 294
11908 161
11949 235
12002 254
12083 56
12140 131
12160 179
12216 180
12245 445
12285 430
12304 283
12305 194
12361 60
12400 42
12515 123
12601 278
12645 48
12762 444
12827 248
12898 349
12952 92
13071 351
13131 255
13141 414
13188 240
13272 317
13280 369
13285 299
13388 216
13466 414
13544 229
13589 66
13650 205
13655 90
13765 344
13871 221
13976 439
13994 226
14040 141
14073 433
14162 39
14221 423
14318 298
14370 356
14376 101
14440 373
14515 19
14621 127
14669 469
14715 195
14790 175
14889 287
14916 25
14922 347
14957 191
15024 66
15074 85
15075 158
15165 249
15171 417
15251 322
15320 199
15398 267
15472 84
15528 62
15590 105
15641 214
15733 372
15785 425
15836 406
15864 54
15980 366
16009 480
16017 42
16071 75
16184 115
16278 287
16349 258
16363 159
16441 328
16489 140
16593 460
16675 345
16756 112
16820 107
16827 424
16860 27
16929 301
16934 352
17013 272
17116 322
17207 344
17233 221
17258 200
17347 463
17356 121
17381 480
17401 477
17480 451
17502 151
17517 144
17536 238
17572 403
17583 197
17643 402
17759 219
17812 377
17828 370
17852 203
17870 16
17909 135
17937 307
17964 238
18032 478
18076 410
18106 285
18120 241
18128 246
18162 100
18270 435
18274 432
18310 264
18384 255
18416 445
18528 242
18641 162
18729 117
18845 30
18927 291
18932 82
18979 173
19064 294
19163 410
19174 95
19179 20
19188 50
19298 222
19369 299
19487 468
19545 455
19594 242
19622 124
19705 125
19737 233
19837 181
19908 156
19990 202
20100 288
20126 27
20216 159
20225 432
20269 20
20305 42
20377 169
20382 101
20411 256
20490 279
20579 221
20675 53
20786 340
20836 290
20838 107
20840 465
20933 140
20935 296
21002 60
21056 27
21072 420
21086 400
21108 97
21111 250
21193 363
21202 253
21223 453
21292 77
21362 59
21447 326
21482 377
21552 80
21559 322
21647 336
21736 142
21820 463
21836 433
21925 189
21934 402
22040 403
22103 5
22140 388
22252 0
22366 288
22377 350
22404 226
22457 443
22526 283
22589 202
22617 184
22696 19
22730 426
22840 66
22867 20
22982 91
23084 271
23103 117
23140 74
23164 161
23248 177
23253 13
23349 276
23460 229
23475 258
23579 216
23686 294
23737 126
23789 207
23830 373
23879 180
23993 170
24103 80
24167 147
24199 406
24268 35
24288 339
24297 24
24324 23
24379 212
24441 203
24544 241
24547 182
24632 256
24724 79
24754 136
24811 130
24880 229
24925 113
25013 364
25020 204
25114 141
25126 448
25160 195
25276 420
25373 271
25402 354
25408 159
25418 399
25517 445
25636 80
25656 256
25701 406
25802 38
25891 304
25906 103
25953 218
25987 188
26077 360
26114 323
26177 449
26291 157
26410 142
26455 398
26470 175
26563 157
26624 170
26709 199
26745 307
26796 72
26822 315
26859 351
26869 340
26880 436
26927 235
26988 22
27031 261
27069 202
27165 392
27189 480
27206 32
27238 360
27281 42
27296 376
27376 317
27485 479
27516 142
27596 202
27693 157
27740 161
27845 240
27929 214
28029 84
28057 330
28100 135
28199 236
28264 295
28370 334
28457 333
28500 209
28567 200
28650 442
28663 80
28770 475
28821 180
28853 190
28954 36
29050 359
29075 60
29119 325
29160 143
29176 5
29282 37
29359 332
29445 59
29457 190
29514 419
29545 327
29548 112
29620 256
29685 475
29794 232
29800 371
29822 151
29926 318
30044 145
30157 75
30188 420
30211 8
30270 2
30283 330
30324 328
30383 344
30419 286
30530 13
30542 267
30543 27
30546 36
30640 127
30680 347
30788 184
30790 427
30847 161
30932 373
30967 153
31055 237
31072 83
31131 431
31187 74
31283 270
31311 191
31372 163
31417 314
31433 337
31437 427
31504 205
31610 247
31724 117
31751 357
31814 284
31869 42
31932 339
31958 74
32022 383
32053 213
32089 285
32185 450
32294 132
32356 46
32472 303
32589 290
32594 429
32605 11
32618 185
32704 351
32820 139
32912 274
33031 37
33111 286
33212 15
33215 111
33282 423
33298 267
33313 362
33384 63
33423 306
33504 211
33559 408
33607 318
33629 110
33668 99
33722 373
33776 136
33828 51
33843 255
33857 187
33872 11
33931 342
33948 147
33984 149
34059 481
34063 62
34118 428
34181 89
34192 395
34253 157
34287 376
34296 410
34302 289
34415 106
34427 49
34492 138
34504 79
34623 148
34672 173
34738 77
34774 318
34802 425
34860 424
34866 323
34943 309
35062 19
35105 49
35208 234
35285 409
35363 402
35475 152
35486 38
35536 58
35575 458
35625 1
35635 405
35707 193
35787 103
35815 381
35917 473
35962 426
35964 413
36082 440
36116 333
36201 24
36256 344
36293 313
36382 408
36468 86
36558 122
36576 439
36585 409
36616 394
36622 286
36688 457
36749 22
36844 289
36949 396
37003 118
37057 133
37086 20
37204 320
37280 378
37333 224
37447 150
37526 71
37548 392
37667 258
37735 29
37747 117
37748 340
37777 408
37807 93
37880 395
37925 89
37934 355
37956 42
37997 444
38098 440
38137 404
38159 52
38277 215
38385 475
38502 267
38506 54
38596 28
38689 43
38795 60
38823 278
38934 348
39019 20
39066 478
39078 414
39185 2
39272 146
39368 481
39410 401
39456 161
39549 207
39652 417
39709 332
39817 174
39904 402
39955 30
39997 209
40085 85
40134 118
40150 293
40160 41
40226 424
40266 221
40367 386
40396 156
40409 52
40493 13
40609 143
40688 434
40760 240
40842 70
40901 71
40963 167
40995 27
41058 239
41130 337
41192 135
41254 468
41336 221
41423 14
41511 440
41524 260
41635 55
41730 318
41731 239
41746 363
41815 347
41920 107
41926 110
41954 319
42034 456
42070 147
42092 454
42119 466
42160 25
42279 90
42393 66
42473 437
42498 271
42558 130
42563 350
42565 338
42611 446
42719 249
42734 99
42751 424
42765 260
42783 183
42833 224
42868 426
42922 166
42928 234
42978 385
43018 355
43054 464
43097 332
43100 60
43113 462
43117 316
43128 123
43223 479
43264 181
43281 379
43380 311
43393 359
43409 232
43502 313
43616 297
43620 338
43737 3
43815 194
43892 358
43947 403
44024 278
44075 393
44170 158
44262 116
44340 477
44342 273
44411 79
44442 385
44512 63
44558 295
44641 238
44672 351
44724 13
44736 95
44822 318
44825 227
44848 255
44876 34
44975 47
45006 272
45014 164
45026 350
45079 214
45134 74
45195 471
45281 156
45330 40
45335 469
45345 90
45361 425
45458 100
45494 41
45576 309
45591 288
45673 226
45689 401
45781 143
45840 154
45922 43
45971 153
45977 116
46047 260
46080 336
46134 211
46236 331
46268 352
46372 326
46465 306
46497 470
46520 29
46566 192
46670 124
46746 220
46807 211
46865 25
46949 296
46978 192
46993 299
47002 323
47007 473
47043 184
47122 124
47127 256
47231 183
47284 62
47329 459
47385 162
47405 109
47495 380
47567 164
47663 203
47776 65
47869 54
47953 443
48041 394
48146 69
48166 297
48207 127
48221 143
48291 316
48335 41
48400 461
48443 395
48460 105
48525 408
48584 217
48610 248
48673 44
48741 166
48742 198
48758 441
48817 177
48873 462
48941 328
48966 132
49000 329
49036 456
49105 377
49191 396
49229 323
49288 399
49398 37
49440 15
49518 366
49522 57
49630 462
49704 141
49755 305
49863 83
49966 96
50019 275
50078 219
50098 165
50120 16
50154 289
50231 436
50275 311
50392 407
50466 332
50531 348
50622 257
50697 233
50791 84
50802 362
50837 3
50949 413
51011 245
51042 380
51140 258
51234 95
51247 255
51256 272
51273 41
51315 411
51402 9
51463 281
51521 125
51527 183
51572 89
51584 377
51602 39
51671 372
51734 459
51794 214
51845 186
51914 301
52021 358
52039 44
52134 291
52245 292
52312 251
52330 85
52418 125
52477 105
52523 331
52592 370
52662 199
52698 288
52814 388
52822 174
52868 343
52895 91
53000 178
53002 245
53033 303
53045 403
53138 149
53205 40
53305 404
53361 267
53457 82
53489 234
53551 330
53559 269
53610 82
53718 451
53820 96
53832 380
53893 72
53922 426
54009 207
54089 290
54171 164
54246 293
54263 104
54279 10
54318 235
54371 469
54388 285
54444 321
54529 219
54594 312
54665 353
54710 109
54812 354
54822 319
54838 403
54864 437
54881 458
54935 173
54951 327
54990 268
55006 428
55062 166
55112 31
55113 118
55168 296
55272 85
55307 159
55348 111
55354 250
55458 112
55494 77
55507 258
55517 317
55621 134
55655 133
55750 245
55766 177
55864 312
55908 416
56012 459
56062 379
56074 399
56085 259
56090 90
56095 460
56138 200
56149 271
56261 110
56282 407
56335 270
56346 166
56352 138
56431 444
56541 70
56629 400
56638 129
56704 111
56713 356
56799 76
56907 399
56918 167
56942 111
57048 93
57095 64
57098 467
57174 77
57205 367
57251 13
57326 185
57343 227
57364 132
57446 401
57499 404
57560 133
57679 240
57689 54
57786 168
57820 365
57877 387
57980 281
58067 282
58150 42
58185 93
58196 16
58257 140
58310 381
58370 119
58437 34
58445 94
58480 40
58556 219
58575 260
58666 144
58701 166
58719 449
58730 374
58804 100
58816 419
58848 77
58894 296
58967 116
58984 442
59084 120
59090 288
59098 365
59103 138
59133 413
59227 288
59247 83
59336 67
59365 273
59458 241
59534 332
59628 412
59641 212
59696 182
59763 213
59787 419
59833 148
59882 259
59888 252
59982 176
60021 314
60135 284
60229 363
60310 57
60342 265
60409 7
60432 215
60532 181
60635 190
60719 244
60815 481
60853 138
60883 409
60977 180
61015 313
61097 364
61127 339
61162 63
61209 37
61233 376
61301 420
61391 418
61423 322
61447 99
61453 481
61532 435
61651 44
61669 148
61779 7
61853 151
61925 203
61931 467
61943 201
61952 282
62004 169
62041 60
62063 80
62181 261
62276 114
62359 433
62382 222
62473 114
62532 478
62589 238
62611 389
62685 312
62786 310
62873 142
62956 174
63045 47
63126 441
63158 433
63264 417
63345 70
63411 305
63450 37
63495 299
63563 207
63579 60
63624 188
63734 54
63737 392
63822 393
63832 243
63849 434
63913 438
64006 445
64097 351
64186 261
64287 195
64304 124
64354 296
64456 54
64460 21
64483 233
64528 83
64592 230
64710 172
64739 46
64838 227
64957 223
64996 394
65035 92
65093 86
65175 204
65237 440
65312 31
65368 271
65385 277
65450 201
65455 21
65518 317
65573 278
65574 394
65648 422
65677 325
65711 324
65762 352
65862 20
65968 290
66016 238
66070 71
66129 21
66207 356
66274 153
66289 328
66326 360
66360 427
66392 171
66469 0
66492 479
66566 277
66639 81
66669 257
66689 104
66702 326
66780 314
66874 130
66951 257
66952 154
67050 80
67071 441
67105 50
67128 336
67219 116
67328 387
67435 244
67484 41
67576 3
67605 14
67618 469
67700 383
67790 5
67842 160
67844 392
67862 92
67954 194
67964 75
68017 167
68115 151
68178 379
68189 243
68218 284
68281 51
68345 429
68358 357
68458 422
68515 320
68618 16
68737 440
68834 88
68844 320
68907 101
69000 45
69059 325
69101 71
69149 254
69220 364
69231 119
69330 345
69343 0
69390 2
69491 480
69564 369
69566 322
69640 423
69738 378
69795 212
69914 175
69970 267
69973 454
70050 242
70099 172
70124 283
70189 59
70219 358
70230 367
70313 0
70398 201
70484 380
70492 215
70565 452
70588 101
70626 110
70687 439
70775 296
70873 235
70884 155
70981 181
71087 217
71139 103
71158 300
71274 453
71341 355
71377 188
71432 213
71528 93
71567 34
71608 366
71638 472
71711 41
71775 252
71836 343
71933 202
71941 365
72041 284
72156 31
72176 458
72271 331
72308 109
72329 390
72335 197
72353 66
72445 458
72490 383
72557 253
72597 70
72606 50
72724 251
72743 362
72783 377
72863 222
72982 325
73030 401
73066 402
73071 277
73141 61
73258 404
73284 386
73373 340
73437 199
73460 476
73519 161
73527 266
73625 137
73655 120
73661 13
73739 31
73816 86
73920 31
73921 462
73990 319
73998 302
74050 169
74094 140
74099 12
74176 140
74177 127
74244 50
74337 232
74377 59
74458 221
74472 214
74527 412
74594 204
74702 308
74741 271
74771 226
74789 387
74882 297
74891 424
74961 385
74977 316
74983 384
75068 426
75095 72
75096 294
75111 220
75124 8
75131 269
75241 348
75352 241
75354 198
75430 399
75453 148
75561 54
75673 348
75701 292
75790 39
75827 324
75863 250
75937 180
75949 406
76044 128
76143 440
76237 384
76306 370
76335 318
76352 476
76403 199
76432 198
76487 119
76500 391
76598 445
76702 108
76766 124
76849 134
76917 421
76928 224
76941 473
76979 466
77066 7
77148 36
77222 441
77228 79
77261 174
77322 412
77387 343
77460 224
77529 272
77605 113
77698 209
77752 219
77783 307
77891 217
77958 144
78001 192
78032 74
78081 477
78087 260
78102 192
78207 353
78232 246
78278 445
78394 40
78445 321
78477 151
78486 403
78572 198
78621 333
78720 45
78838 135
78889 147
78933 467
78962 243
79015 218
79120 198
79138 76
79246 304
79254 433
79333 276
79393 17
79496 322
79597 316
79604 168
79639 455
79685 163
79707 452
79777 317
79883 454
79898 201
79938 32
80032 280
80054 363
80075 149
80146 448
80248 106
80362 371
80465 405
80509 468
80527 374
80634 305
80645 67
80706 368
80796 230
80874 464
80978 50
80980 350
81055 123
81105 434
81165 64
81260 216
81296 384
81317 118
81386 313
81407 399
81451 64
81499 262
81526 15
81557 36
81611 8
81614 197
81625 33
81638 389
81670 297
81748 429
81832 261
81866 51
81900 271
81935 472
81956 274
82047 309
82124 129
82142 471
82172 239
82177 392
82231 45
82253 306
82268 173
82314 235
82430 74
82468 351
82544 348
82639 17
82667 89
82668 241
82752 397
82765 221
82774 159
82819 190
82913 237
82933 165
82996 209
83112 361
83202 204
83225 372
83287 299
83339 133
83373 162
83404 303
83459 158
83471 134
83485 132
83567 119
83632 85
83702 210
83775 411
83863 124
83891 366
83899 89
83923 412
84008 418
84044 20
84064 334
84100 405
84121 329
84236 239
84332 119
84355 41
84453 198
84534 140
84541 280
84547 164
84647 401
84682 460
84683 288
84775 377
84823 81
84917 326
85016 86
85070 39
85169 237
85230 338
85312 391
85401 288
85423 249
85526 147
85535 464
85605 468
85695 480
85803 392
85866 355
85930 29
86035 203
86117 371
86181 124
86278 225
86362 206
86378 237
86401 462
86409 223
86458 472
86544 278
86655 200
86713 356
86755 229
86813 3
86834 72
86840 58
86901 388
87004 84
87010 358
87079 393
87095 391
87126 198
87212 193
87313 119
87352 310
87446 157
87451 180
87457 228
87554 298
87604 30
87690 265
87707 164
87743 35
87797 203
87890 76
87913 476
88028 264
88069 358
88181 133
88299 159
88407 393
88478 473
88496 349
88543 19
88577 453
88586 54
88637 137
88684 408
88720 468
88746 85
88758 244
88774 49
88779 273
88876 1
88972 404
89005 369
89076 478
89159 407
89238 99
89340 29
89354 476
89371 307
89398 302
89448 306
89512 362
89604 352
89629 472
89724 150
89782 328
89813 189
89867 314
89882 84
89952 437
89954 175
89965 437
90008 126
90112 288
90216 82
90238 184
90329 398
90342 298
90401 189
90465 340
90479 35
90481 260
90544 324
90621 370
90653 292
90742 329
90822 336
90832 473
90895 340
90997 369
91106 127
91167 366
91207 92
91239 381
91328 342
91380 452
91468 250
91518 181
91537 85
91551 247
91639 449
91658 243
91726 146
91777 108
91814 477
91925 305
91985 338
91988 364
91989 397
92047 351
92079 234
92133 405
92247 428
92250 68
92253 264
92361 466
92444 206
92508 22
92615 396
92620 137
92712 480
92819 181
92896 457
92908 346
92995 327
93041 45
93057 463
93167 63
93264 468
93291 427
93345 95
93443 127
93510 217
93541 261
93568 177
93662 42
93699 359
93747 30
93823 288
93911 225
93938 111
93998 214
94016 240
94077 21
94126 409
94235 477
94239 377
94264 324
94287 273
94308 245
94418 21
94482 145
94571 30
94608 233
94680 71
94792 453
94830 249
94869 275
94870 463
94936 234
95028 262
95078 413
95111 354
95167 272
95197 360
95204 115
95293 324
95350 280
95432 436
95438 192
95443 10
95477 208
95534 350
95593 331
95659 20
95711 78
95766 172
95817 123
95920 26
95979 307
95991 384
96035 387
96069 6
96126 117
96133 453
96162 49
96190 351
96259 3
96340 94
96416 167
96439 94
96492 366
96551 1
96552 214
96557 277
96564 91
96602 247
96721 342
96776 258
96889 292
96938 121
97016 365
97133 169
97219 343
97277 223
97282 379
97354 275
97412 103
97473 272
97544 304
97557 357
97650 247
97675 392
97697 376
97732 86
97771 398
97815 47
97877 198
97923 170
97934 481
98027 88
98116 229
98200 161
98276 158
98380 168
98493 19
98501 376
98559 166
98623 374
98635 455
98748 247
98835 186
98901 173
98991 30
99069 444
99074 255
99084 409
99183 89
99259 91
99267 21
99281 61
99294 448
99368 231
99423 220
99488 227
99530 56
99554 386
99635 291
99699 381
99731 252
99829 408
99897 339
99995 237
100098 264
100173 471
100236 401
100246 351
100331 378
100351 140
100375 392
100460 316
100569 4
100616 319
100682 28
100729 449
100791 149
100879 103
100880 305
100958 436
100975 188
101077 374
101099 476
101152 475
101238 344
101265 7
101321 20
101394 222
101398 62
101409 320
101427 278
101491 372
101594 182
101712 434
101713 335
101804 93
101812 332
101927 149
102001 229
102030 217
102048 277
102096 347
102162 66
102179 322
102205 147
102238 219
102340 449
102362 372
102393 104
102467 156
102573 232
102627 481
102643 236
102674 410
102788 292
102818 76
102835 370
102937 385
103042 30
103090 83
103127 386
103195 123
103276 412
103278 21
103284 339
103321 474
103339 428
103456 173
103494 140
103514 166
103618 247
103671 38
103699 185
103800 91
103846 166
103882 394
103896 476
103903 424
104000 49
104108 442
104199 141
104304 478
104321 426
104356 270
104373 271
104478 36
104485 197
104500 173
104589 16
104647 116
104685 439
104690 253
104794 63
104835 359
104858 159
104930 19
104997 272
104999 389
105045 184
105082 302
105193 132
105270 10
105345 412
105384 230
105487 449
105567 129
105663 375
105753 358
105859 97
105910 70
105966 73
105984 76
106063 104
106178 81
106242 162
106332 262
106398 239
106458 142
106494 457
106581 117
106683 238
106737 349
106764 148
106812 90
106865 461
106898 21
106908 250
106928 399
107010 82
107129 162
107182 382
107284 57
107313 216
107355 310
107395 91
107498 134
107573 193
107687 342
107736 72
107757 206
107807 127
107864 2
107912 176
107994 308
108031 38
108045 75
108159 128
108205 198
108279 44
108371 420
108487 43
108546 184
108555 250
108564 273
108637 151
108756 73
108818 257
108833 23
108938 433
109013 127
109129 402
109172 453
109181 418
109216 378
109329 78
109400 452
109425 103
109457 168
109539 200
109646 195
109727 439
109786 149
109832 345
109868 167
109934 22
109999 286
110101 15
110157 474
110261 428
110347 413
110351 205
110441 147
110510 57
110581 182
110637 275
110725 127
110775 164
110836 448
110841 450
110868 324
110985 427
111011 417
111118 387
111215 394
111291 299
111365 358
111369 227
111373 332
111436 341
111442 61
111470 410
111510 368
111528 466
111604 121
111709 468
111817 426
111916 92
111999 375
112118 289
112182 332
112203 131
112247 129
112330 233
112443 162
112461 13
112509 228
112610 412
112633 34
112726 449
112758 350
112863 119
112929 368
112974 174
113031 211
113145 67
113157 89
113199 270
113246 75
113250 199
113301 115
113346 460
113425 154
113517 458
113557 305
113659 345
113695 380
113809 468
113868 195
113901 46
113997 143
114020 468
114070 312
114126 451
114217 278
114252 142
114345 381
114370 256
114380 30
114430 242
114506 177
114527 27
114542 88
114544 343
114607 175
114699 209
114771 22
114812 69
114888 452
114895 239
114949 207
115038 161
115059 21
115159 160
115169 168
115264 387
115343 26
115442 422
115465 429
115528 400
115553 192
115579 441
115625 323
115630 67
115695 306
115707 275
115751 223
115840 228
115873 60
115935 327
116049 185
116089 8
116113 132
116138 66
116237 41
116277 127
116312 148
116390 11
116427 409
116495 245
116546 366
116553 441
116575 420
116614 266
116733 468
116756 462
116792 303
116908 290
117013 112
117095 371
117127 63
117130 323
117175 359
117251 389
117315 157
117346 40
117354 190
117473 149
117499 187
117598 128
117634 46
117656 345
117736 97
117768 305
117813 28
117854 363
117872 211
117915 304
117933 56
117978 376
118024 364
118123 256
118137 416
118233 202
118258 340
118333 295
118424 439
118457 256
118468 312
118484 265
118562 273
118592 433
118673 255
118691 407
118806 469
118835 349
118931 396
119032 338
119104 143
119217 179
119334 274
119351 432
119455 341
119456 263
119556 270
119581 212
119681 73
119727 286
119802 308
119847 315
119913 352
119951 218
120010 124
120025 105
120084 53
120147 260
120221 370
120266 278
120315 216
120327 167
120328 182
120417 423
120473 114
120522 103
120623 440
120723 236
120793 119
120904 95
120957 47
121000 29
121020 4
121084 429
121171 18
121219 121
121270 286
121334 241
121449 188
121487 241
121555 410
121634 242
121719 281
121837 197
121932 451
121997 163
122000 12
122041 118
122044 1
122057 391
122060 291
122066 255
122085 321
122087 81
122092 197
122165 329
122190 186
122208 11
122323 87
122367 387
122378 19
122391 73
122397 261
122437 49
122494 256
122600 282
122613 471
122624 161
122694 71
122747 338
122806 84
122845 394
122905 276
123001 257
123085 133
123119 420
123151 231
123153 185
123155 203
123205 273
123317 192
123331 44
123369 130
123413 11
123456 449
123536 470
123546 54
123635 323
123710 306
123730 212
123836 262
123867 110
123869 163
123935 23
124020 48
124086 343
124138 370
124229 423
124232 111
124337 220
124353 303
124397 131
124479 110
124590 206
124689 72
124789 374
124865 88
124945 251
125012 371
125040 348
125079 479
125100 75
125190 48
125209 14
125280 93
125348 42
125396 180
125427 198
125518 87
125578 323
125691 124
125789 465
125905 181
125968 362
126039 149
126052 313
126108 141
126154 305
126205 230
126274 69
126347 131
126369 67
126439 264
126497 216
126578 54
126589 332
126626 470
126697 169
126732 117
126741 3
126799 116
126870 41
126926 51
127005 11
127067 172
127083 124
127151 192
127191 133
127303 457
127383 327
127388 408
127425 208
127519 11
127607 84
127633 428
127650 395
127662 405
127768 319
127880 302
127955 257
128072 412
128161 297
128186 92
128290 98
128303 299
128405 97
128454 120
128523 141
128550 202
128599 261
128630 314
128667 211
128718 130
128727 213
128831 380
128947 426
129017 371
129069 433
129183 191
129192 49
129193 474
129223 235
129246 453
129334 245
129370 121
129374 323
129479 199
129489 192
129564 102
129660 281
129753 226
129823 284
129938 262
129996 178
130066 315
130105 304
130218 423
130318 433
130390 182
130416 440
130460 449
130553 406
130557 105
130613 122
130618 54
130643 425
130705 434
130754 268
130800 12
130908 44
130982 152
131062 308
131081 285
131138 412
131253 386
131339 192
131420 284
131444 374
131535 372
131537 419
131640 137
131724 226
131742 108
131744 304
131768 459
131848 448
131875 216
131936 224
131940 53
131972 6
132078 44
132120 311
132195 316
132238 237
132282 217
132318 152
132400 55
132489 444
132523 392
132582 285
132668 134
132723 18
132803 45
132856 370
132876 398
132964 55
133071 94
133156 290
133253 87
133262 135
133330 220
133394 179
133455 186
133484 440
133503 409
133556 467
133568 14
133666 59
133720 300
133752 164
133793 212
133819 289
133838 416
133885 185
133998 353
133999 201
134032 188
134150 346
134225 436
134332 257
134374 428
134446 212
134550 248
134610 198
134623 428
134707 262
134740 6
134754 257
134855 288
134962 403
134995 451
135020 320
135053 118
135092 7
135106 145
135164 270
135182 101
135190 350
135250 240
135350 219
135374 198
135462 127
135521 154
135534 75
135557 472
135608 84
135631 74
135684 231
135741 250
135809 405
135815 93
135818 135
135837 58
135922 299
136023 104
136123 138
136136 408
136168 134
136228 124
136280 356
136331 313
136355 469
136373 368
136438 15
136533 385
136539 54
136658 89
136669 366
136760 480
136876 327
136904 473
136997 64
137027 46
137040 419
137076 305
137141 409
137169 411
137263 228
137329 207
137382 217
137404 274
137464 110
137548 330
137666 271
137741 465
137765 466
137876 29
137885 122
137900 115
137911 246
138011 353
138047 75
138109 88
138177 98
138243 65
138314 407
138391 104
138398 221
138503 30
138505 282
138507 127
138566 469
138598 315
138620 232
138724 169
138843 370
138851 171
138959 323
139016 267
139117 75
139192 254
139232 359
139239 411
139309 67
139410 113
139426 67
139515 68
139563 214
139600 458
139634 348
139745 51
139836 145
139839 230
139935 282
139970 481
139997 425
140070 302
140077 252
140104 104
140144 246
140183 260
140213 253
140296 431
140409 40
140475 435
140493 205
140513 107
140618 22
140710 124
140714 42
140727 22
140812 370
140823 135
140827 163
140901 268
140981 106
141079 119
141101 290
141115 88
141190 368
141198 423
141216 140
141225 46
141259 440
141295 185
141347 208
141432 127
141491 19
141522 431
141602 418
141668 454
141748 417
141764 159
141765 170
141766 373
141811 432
141925 352
141930 34
142037 200
142084 441
142190 428
142264 85
142310 345
142361 163
142406 172
142519 183
142527 398
142585 200
142680 435
142725 295
142759 160
142821 36
142854 308
142868 119
142873 290
142889 467
142940 405
142954 450
143013 307
143040 480
143159 112
143197 39
143202 447
143254 432
143349 449
143402 84
143428 43
143452 288
143533 191
143630 380
143749 6
143834 236
143932 437
143975 198
144033 337
144075 261
144185 379
144252 479
144331 59
144434 264
144439 195
144519 154
144571 469
144678 109
144715 370
144716 178
144804 373
144903 305
144978 137
144982 111
145099 219
145186 443
145210 191
145317 463
145371 390
145424 277
145445 113
145549 342
145569 393
145679 279
145741 459
145853 176
145934 390
146053 199
146062 22
146132 38
146184 200
146267 392
146374 341
146407 349
146428 437
146538 218
146629 313
146701 300
146764 117
146784 260
146803 276
146829 1
146890 329
146899 298
146931 85
146942 357
146959 419
147018 45
147079 428
147172 384
147262 366
147287 290
147329 441
147351 481
147366 208
147423 169
147514 171
147576 236
147623 96
147716 304
147748 269
147840 92
147851 435
147937 2
148017 273
148108 233
148201 195
148305 353
148373 430
148476 31
148520 117
148526 116
148590 314
148671 26
148768 265
148843 83
148853 238
148890 108
148930 64
148952 58
149029 16
149094 249
149139 241
149163 34
149203 68
149216 397
149255 100
149261 475
149360 385
149364 343
149399 350
149501 221
149523 120
149598 299
149637 441
149720 40
149832 168
149896 188
149993 410
150041 116
150160 288
150166 183
150257 64
150294 323
150403 197
150442 136
150455 130
150537 174
150591 206
150708 435
150742 350
150859 142
150866 283
150941 446
150986 71
151002 208
151085 113
151177 267
151214 87
151236 146
151299 293
151362 352
151463 158
151471 192
151555 36
151585 49
151676 139
151716 423
151817 39
151908 152
151930 468
152013 470
152033 271
152089 279
152172 365
152274 162
152311 226
152317 118
152407 77
152477 268
152500 457
152572 19
152595 27
152702 56
152715 348
152759 178
152835 88
152870 436
152953 424
153003 237
153072 177
153167 2
153263 433
153288 307
153293 432
153312 143
153409 413
153443 41
153550 123
153570 26
153686 307
153730 326
153823 373
153885 275
153956 32
153962 140
154007 431
154036 132
154126 263
154232 412
154278 53
154292 140
154407 236
154445 425
154528 281
154638 350
154659 175
154700 21
154713 475
154779 381
154784 327
154792 236
154853 182
154939 178
155047 327
155069 179
155158 183
155230 365
155330 21
155399 298
155467 278
155502 409
155613 362
155717 39
155799 246
155900 382
155918 461
155946 370
155980 23
155993 126
156074 176
156143 250
156226 144
156253 298
156287 441
156310 468
156362 282
156455 211
156489 345
156543 36
156565 189
156665 202
156700 74
156718 330
156737 157
156849 449
156925 282
156971 212
157073 350
157078 110
157148 143
157167 67
157269 11
157331 106
157413 47
157442 466
157493 80
157532 405
157564 278
157619 252
157724 230
157771 288
157777 437
157780 457
157849 46
157866 135
157906 183
157949 134
157990 481
158042 69
158051 384
158061 284
158175 241
158219 137
158226 462
158317 474
158362 127
158424 241
158440 299
158486 389
158565 303
158573 54
158574 244
158614 199
158667 430
158726 291
158802 323
158821 316
158837 302
158947 121
159009 361
159032 11
159033 395
159088 90
159133 471
159252 77
159317 39
159344 298
159407 321
159410 47
159469 285
159546 121
159572 433
159677 210
159732 408
159807 53
159871 446
159884 295
159967 319
160057 92
160126 383
160161 119
160262 302
160362 226
160391 433
160451 412
160502 130
160512 363
160528 6
160546 335
160645 424
160736 222
160827 455
160834 267
160899 422
160982 119
161055 47
161107 265
161187 174
161188 9
161214 283
161315 364
161413 473
161466 14
161585 338
161665 414
161727 257
161759 187
161809 190
161920 41
161947 332
161980 454
162069 399
162120 248
162138 246
162194 219
162203 198
162223 462
162263 347
162381 188
162424 343
162449 1
162473 275
162513 349
162627 162
162719 114
162721 69
162738 393
162853 324
162886 79
162904 418
162971 137
162999 401
163023 325
163081 111
163087 470
163198 153
163314 92
163417 179
163524 413
163602 351
163611 355
163711 133
163769 407
163881 427
163882 65
163966 305
164009 17
164057 320
164135 8
164239 375
164358 405
164367 469
164370 476
164405 459
164502 26
164576 454
164665 267
164686 166
164727 81
164749 198
164779 475
164783 349
164785 246
164824 353
164880 138
164934 252
164946 293
164998 78
165062 406
165073 214
165177 384
165216 331
165251 291
165254 362
165341 128
165357 38
165382 101
165473 132
165553 93
165577 231
165632 372
165697 63
165723 372
165804 54
165907 83
165982 269
166059 19
166075 352
166164 452
166283 460
166284 120
166300 396
166355 427
166356 257
166369 240
166374 438
166384 90
166401 424
166508 140
166594 42
166624 221
166694 481
166746 391
166827 139
166911 351
166935 371
167051 198
167114 243
167143 295
167146 209
167156 46
167190 105
167218 251
167227 96
167319 419
167347 55
167380 451
167390 398
167473 407
167484 242
167545 174
167572 266
167659 418
167664 34
167714 47
167767 284
167786 409
167878 230
167916 437
167990 89
168077 467
168107 51
168212 200
168321 316
168346 23
168361 401
168403 208
168442 89
168472 214
168497 377
168554 369
168592 355
168658 88
168679 476
168687 432
168704 418
168803 229
168919 371
169022 437
169066 73
169179 282
169296 178
169297 179
169356 154
169449 393
169458 173
169520 229
169529 95
169601 151
169619 361
169639 173
169706 36
169801 286
169898 351
169951 133
170052 222
170151 416
170246 425
170269 188
170288 25
170308 147
170350 380
170438 245
170555 213
170649 83
170667 17
170723 391
170733 178
170774 462
170783 438
170806 471
170844 48
170940 99
171057 38
171121 89
171133 386
171184 263
171247 132
171252 278
171331 424
171415 437
171522 136
171601 13
171672 61
171790 362
171793 109
171874 197
171906 276
171972 148
172043 102
172094 379
172095 474
172128 292
172153 188
172171 469
172198 450
172300 90
172321 290
172342 421
172423 99
172490 370
172534 172
172551 365
172660 382
172666 282
172725 180
172727 262
172805 302
172896 47
172988 374
173025 360
173097 269
173211 127
173298 404
173417 473
173465 367
173507 396
173617 83
173701 354
173724 164
173806 385
173885 367
173919 203
173958 71
174013 97
174121 430
174233 282
174279 441
174376 109
174460 406
174480 107
174545 301
174549 262
174639 386
174667 18
174680 10
174776 412
174864 88
174891 83
174924 386
174962 123
175038 156
175134 69
175157 333
175194 480
175250 280
175271 67
175291 128
175366 1
175372 465
175376 101
175494 424
175500 371
175506 166
175617 190
175631 154
175701 405
175771 237
175888 427
175906 171
176008 346
176118 50
176216 68
176253 262
176267 211
176320 91
176390 239
176396 345
176422 64
176428 103
176484 101
176540 86
176544 87
176617 17
176623 412
176663 459
176724 158
176729 209
176778 207
176894 297
176994 235
177085 250
177202 423
177225 122
177226 144
177274 261
177327 1
177407 269
177425 190
177489 121
177513 475
177533 398
177564 126
177589 378
177665 115
177706 271
177786 101
177793 343
177801 153
177916 49
177982 210
178052 61
178097 176
178172 300
178257 136
178358 6
178384 38
178480 281
178514 47
178551 18
178585 373
178649 31
178766 329
178853 36
178936 85
179003 88
179096 361
179163 90
179208 119
179320 347
179331 463
179449 98
179539 276
179597 434
179708 282
179731 347
179749 146
179827 420
179835 376
179936 400
180049 240
180050 376
180074 308
180189 330
180292 443
180333 5
180435 191
180456 329
180571 367
180633 442
180668 396
180737 258
180749 165
180790 101
180802 136
180805 40
180893 27
180993 14
181069 403
181148 281
181232 59
181295 307
181350 389
181382 237
181443 435
181485 443
181565 22
181612 410
181651 415
181656 248
181670 50
181734 446
181749 224
181862 413
181892 324
181937 28
182027 17
182103 152
182199 7
182291 200
182398 106
182431 310
182457 381
182509 316
182580 269
182596 385
182668 372
182748 397
182771 329
182846 261
182882 59
182946 73
182961 142
183010 2
183041 134
183084 111
183136 364
183237 369
183295 179
183338 96
183447 287
183566 286
183603 349
183646 292
183688 48
183702 368
183724 361
183831 186
183835 188
183871 320
183963 284
183979 273
184027 449
184038 404
184074 151
184160 459
184191 174
184223 19
184311 448
184357 425
184364 101
184374 399
184386 238
184487 247
184589 112
184606 335
184700 166
184726 140
184753 182
184765 306
184841 432
184904 4
184930 438
184934 20
185030 239
185138 443
185216 15
185299 402
185354 300
185389 198
185487 254
185497 329
185598 179
185713 73
185797 49
185886 215
185924 219
185950 138
186003 146
186015 481
186037 22
186115 126
186205 261
186294 201
186397 96
186424 202
186455 462
186484 328
186593 214
186637 17
186660 424
186663 293
186697 143
186801 404
186865 11
186961 399
186967 263
186975 416
186983 424
187011 471
187018 270
187058 187
187113 333
187119 218
187132 243
187183 178
187222 253
187338 347
187431 422
187490 204
187594 192
187619 467
187730 166
187825 16
187847 56
187848 147
187922 197
187998 95
188007 369
188078 114
188105 68
188170 317
188243 282
188281 236
188329 453
188435 175
188469 80
188502 137
188556 80
188588 355
188616 159
188620 463
188702 356
188717 405
188770 392
188777 375
188890 330
188935 300
188962 394
188973 354
189058 13
189067 47
189086 208
189125 341
189189 339
189235 425
189238 236
189335 374
189357 3
189423 355
189516 335
189570 374
189609 460
189650 315
189737 248
189777 256
189834 236
189902 356
190010 7
190056 251
190135 430
190176 363
190215 120
190271 296
190296 71
190331 37
190428 419
190526 109
190620 123
190722 288
190808 131
190820 151
190905 366
190910 331
190997 241
191017 238
191057 295
191081 376
191180 190
191191 448
191274 95
191361 298
191366 1
191412 148
191514 21
191521 76
191538 189
191646 451
191692 294
191770 457
191863 99
191898 208
191945 60
191974 113
192029 200
192045 130
192111 452
192214 322
192325 161
192441 399
192479 27
192597 267
192643 439
192694 433
192749 97
192846 164
192887 93
192973 415
193005 32
193014 405
193064 126
193074 47
193093 0
193179 69
193212 358
193327 344
193417 462
193443 121
193543 365
193557 189
193670 481
193751 177
193770 243
193792 248
193853 158
193889 27
193952 226
193967 382
194016 445
194126 387
194199 439
194253 226
194353 379
194433 358
194490 421
194503 244
194604 419
194705 33
194743 51
194805 457
194850 453
194852 197
194868 396
194969 42
195054 329
195139 324
195158 110
195216 476
195328 139
195384 398
195428 19
195505 143
195612 371
195685 10
195720 300
195767 141
195835 234
195912 383
195943 281
196045 34
196071 309
196154 226
196254 139
196301 396
196363 478
196433 3
196436 169
196466 457
196477 472
196592 229
196656 207
196742 112
196849 228
196851 109
196856 439
196885 155
196943 20
197032 204
197065 120
197089 439
197113 432
197220 133
197244 108
197266 178
197286 95
197383 389
197451 296
197454 263
197462 33
197549 69
197666 35
197714 258
197725 125
197838 215
197891 99
197927 363
197937 135
197939 170
197992 123
198072 343
198119 274
198174 40
198192 271
198260 131
198328 195
198370 296
198420 425
198434 286
198447 52
198450 315
198481 193
198523 202
198597 212
198684 90
198761 240
198865 73
198871 202
198894 121
199011 418
199066 296
199093 453
199115 362
199209 182
199243 466
199294 185
199361 387
199449 15
199471 225
199520 481
199591 81
199643 267
199675 272
199791 269
199884 462
199928 164
199989 336
200017 388
200063 51
200081 383
200088 324
200105 335
200154 466
200235 339
200280 96
200357 43
200394 97
200464 333
200550 300
200574 282
200636 325
200744 76
200782 101
200896 397
200927 71
200994 188
201087 386
201095 144
201181 392
201200 7
201278 141
201317 437
201427 36
201501 270
201533 125
201546 0
201564 145
201602 191
201628 96
201707 199
201800 50
201823 299
201841 257
201880 3
201937 285
201939 117
202041 195
202055 396
202105 399
202144 388
202152 254
202243 133
202337 88
202411 45
202450 187
202503 98
202554 358
202648 330
202675 104
202751 393
202842 343
202847 333
202858 102
202912 289
202915 433
202956 62
203000 103
203041 123
203081 39
203116 375
203165 414
203282 464
203346 390
203416 424
203418 163
203494 402
203499 364
203554 82
203669 20
203755 5
203866 85
203879 178
203919 263
203986 379
204054 471
204114 47
204209 266
204214 211
204251 341
204283 188
204287 8
204309 49
204396 362
204423 358
204513 21
204597 355
204619 431
204629 296
204674 354
204715 33
204794 468
204810 265
204865 109
204983 428
205093 150
205120 475
205153 242
205161 49
205186 174
205283 24
205324 290
205413 303
205465 432
205489 452
205557 312
205592 299
205608 433
205622 192
205725 16
205759 97
205790 155
205846 392
205888 305
205894 372
205944 58
205961 39
206067 389
206129 390
206134 249
206180 338
206235 381
206267 336
206343 225
206352 279
206404 209
206492 392
206576 150
206644 80
206755 337
206865 204
206958 56
207011 353
207119 42
207176 472
207241 475
207316 62
207403 2
207497 226
207546 446
207550 469
207586 401
207675 56
207689 200
207717 43
207728 107
207782 452
207816 10
207889 127
207899 103
207923 344
207942 446
208039 472
208148 324
208194 195
208258 241
208296 462
208329 81
208336 230
208398 172
208458 338
208520 39
208589 443
208598 150
208616 102
208671 207
208779 352
208815 372
208893 140
208939 77
209015 21
209087 37
209206 118
209213 227
209308 210
209311 257
209312 57
209329 451
209351 235
209362 209
209363 267
209399 360
209505 65
209552 98
209614 299
209719 300
209747 471
209814 134
209836 339
209920 27
209933 380
209996 75
210102 370
210111 63
210136 105
210196 132
210283 448
210285 330
210291 232
210394 311
210403 381
210430 186
210516 432
210588 479
210652 200
210657 357
210677 310
210781 54
210823 479
210847 323
210867 392
210978 475
211061 467
211134 391
211181 271
211228 267
211264 351
211375 60
211442 292
211453 109
211455 83
211570 109
211663 418
211697 111
211796 282
211901 35
211942 409
211947 70
212040 353
212153 131
212182 200
212276 314
212290 370
212377 371
212415 432
212534 191
212540 466
212607 428
212702 464
212713 336
212771 11
212857 459
212958 401
212967 334
213027 28
213141 415
213190 382
213244 299
213304 139
213344 452
213362 188
213396 124
213432 463
213446 94
213554 129
213657 229
213686 320
213730 80
213782 255
213881 29
213944 399
214052 30
214119 210
214194 90
214274 36
214286 440
214334 223
214350 398
214394 154
214396 169
214459 440
214553 424
214615 124
214619 36
214707 439
214720 180
214802 29
214847 175
214899 59
214957 108
214976 327
214989 321
215003 149
215054 274
215122 248
215230 105
215274 361
215283 5
215297 41
215386 29
215408 81
215498 138
215563 80
215651 351
215730 5
215839 192
215853 286
215910 222
215918 54
215926 291
215929 149
215932 377
215974 22
216063 270
216075 281
216142 173
216226 204
216296 172
216359 208
216367 148
216412 7
216490 285
216556 120
216561 337
216598 70
216628 191
216675 165
216692 418
216731 467
216775 252
216833 25
216935 147
216984 254
217056 31
217169 362
217207 194
217293 39
217412 182
217445 24
217452 335
217471 185
217480 315
217560 132
217615 56
217639 459
217708 385
217763 50
217813 24
217899 264
217900 250
218008 200
218036 3
218078 320
218112 224
218194 17
218266 61
218278 153
218376 195
218472 468
218543 383
218609 217
218700 64
218759 137
218777 155
218872 95
218968 365
219034 61
219120 12
219209 51
219260 257
219273 74
219345 132
219394 249
219468 151
219519 160
219529 49
219617 440
219640 163
219659 203
219731 15
219798 242
219887 112
219955 268
219980 203
220052 362
220165 388
220270 298
220277 181
220290 367
220366 302
220375 386
220456 423
220535 465
220556 440
220595 423
220706 4
220744 355
220768 5
220797 241
220841 462
220866 187
220952 76
221049 258
221063 294
221085 372
221163 14
221215 281
221298 225
221388 317
221486 327
221551 417
221556 165
221566 34
221635 294
221688 288
221787 430
221824 10
221929 102
221988 22
222081 378
222174 254
222266 154
222276 269
222365 440
222386 311
222449 397
222503 315
222519 299
222599 389
222621 110
222662 45
222673 372
222684 10
222801 325
222807 388
222855 427
222888 133
222908 214
223003 480
223039 26
223109 458
223210 75
223275 23
223362 159
223460 3
223519 128
223528 328
223531 105
223608 10
223712 372
223806 171
223878 76
223946 418
224011 225
224110 463
224165 245
224271 194
224343 249
224389 213
224486 149
224532 196
224593 266
224601 295
224688 382
224757 321
224817 222
224819 107
224886 315
