#io generator
#numio=3084 maxtracks=1537 lambda=8.900000
1 713
170 1148
240 256
268 28
382 97
549 741
731 595
741 169
772 717
900 682
919 1093
1022 1330
1268 507
1300 1257
1327 1259
1442 347
1467 1017
1747 1350
1884 427
2060 923
2092 1199
2098 378
2112 316
2146 765
2232 252
2452 1379
2614 1041
2725 1282
2733 1003
2761 1425
2804 824
2822 138
2877 137
3072 1210
3406 799
3416 1179
3487 577
3699 1244
3801 666
3852 1378
3888 584
4003 82
4015 933
4019 386
4042 572
4057 1057
4242 599
4358 643
4408 1072
4425 716
4444 515
4464 1262
4560 260
4637 680
4708 174
4740 1504
4792 173
4794 980
4892 144
5062 1506
5110 104
5195 576
5242 685
5364 1440
5376 0
5416 555
5447 979
5462 71
5589 1251
5641 629
5844 1274
5882 648
6102 646
6106 1017
6162 1458
6241 1508
6242 476
6276 728
6385 231
6426 1383
6438 1253
6461 746
6507 683
6565 398
6588 33
6673 286
6820 88
6892 1218
6942 1025
6989 1527
7063 147
7350 972
7390 510
7398 248
7449 796
7453 972
7484 496
7493 1208
7606 1000
7609 40
7695 1098
7713 804
7828 1261
7857 386
7908 1183
7929 159
8084 339
8187 417
8249 1296
8293 54
8327 760
8412 1069
8544 1209
8595 900
8639 811
8712 169
8733 1268
8810 23
8890 1458
8914 205
9012 787
9033 899
9135 1496
9285 440
9416 445
9446 275
9565 1521
9726 926
9842 548
9858 329
10025 1232
10055 195
10131 1472
10142 418
10326 629
10366 963
10564 988
10582 1007
10656 105
10877 667
10911 405
10984 220
11006 750
11112 46
11256 1437
11277 1120
11380 874
11530 559
11588 1534
11666 668
11706 65
11710 507
11799 419
12129 465
12161 1426
12264 1075
12280 538
12423 684
12564 906
12614 1050
12671 1106
12712 402
12738 411
12814 1254
12838 403
12860 1036
12888 480
13246 900
13605 450
13808 1411
13810 963
13819 585
13868 854
13887 91
13889 1387
13957 1154
13986 1301
13989 895
14038 1315
14184 1129
14192 804
14195 644
14253 45
14309 496
14518 670
14551 860
14612 1128
14614 157
14853 137
14864 1317
14951 1359
14965 801
15165 1160
15558 1199
15629 1119
15798 195
15911 471
15993 1226
16022 265
16031 375
16103 728
16229 240
16247 1282
16270 250
16469 603
16470 919
16495 295
16504 310
16733 174
17046 848
17189 1336
17277 937
17292 514
17332 750
17386 812
17488 179
17547 419
17565 571
17623 575
17650 1421
17688 1373
17705 902
17706 621
17765 194
17802 134
18069 394
18182 889
18226 156
18558 1416
18630 791
18712 1115
18768 295
19299 1121
19363 816
19371 1320
19418 767
19526 1011
19533 1176
19538 956
19710 690
19805 1322
19899 732
19943 213
20009 653
20013 287
20231 1099
20420 704
20604 1402
20620 723
20665 449
20696 1382
20817 126
20880 1350
21026 952
21079 1137
21084 322
21155 1191
21245 61
21435 406
21483 1497
21529 623
21619 561
21774 917
21799 80
21804 1107
21836 610
21911 211
21961 272
21962 504
22085 794
22090 1331
22190 1028
22269 635
22364 853
22451 268
22509 199
22576 337
22629 683
22760 1187
22813 1358
22865 1295
22890 174
23194 1169
23220 1531
23227 135
23282 242
23521 368
23657 915
23739 824
23751 509
23847 1046
23895 447
24073 1469
24176 1101
24277 359
24348 341
24354 1354
24385 87
24464 962
24468 1123
24565 870
24735 1027
24862 1099
24885 706
24907 639
25028 1479
25035 387
25057 1532
25075 1521
25172 1441
25191 481
25204 461
25220 761
25254 1285
25264 631
25329 1284
25620 700
25674 1203
25688 1181
25709 649
25724 51
25761 432
25787 981
25812 760
25888 1525
25931 1310
25959 910
25971 768
25978 784
26009 321
26206 1389
26209 1380
26243 843
26331 815
26360 1419
26597 772
26841 519
26959 374
27251 96
27355 931
27359 262
27406 554
27517 939
27670 1307
27680 304
27684 66
27692 160
27911 709
27993 956
28368 1492
28429 1452
28478 773
28503 396
28609 400
28638 746
28794 577
28876 498
28979 645
29192 918
29216 89
29339 507
29347 1379
29391 64
29425 134
29509 539
29513 322
29540 818
29636 891
29757 707
29899 170
30124 1085
30175 925
30177 342
30178 1485
30311 449
30312 947
30387 193
30442 86
30456 1340
30468 1278
30487 312
30490 799
30593 1160
30601 808
30619 1444
30697 246
30777 189
30888 1040
30920 1205
31000 256
31006 1027
31124 1073
31246 455
31355 1478
31369 1382
31491 603
31499 1284
31687 1287
31756 18
31791 1237
32026 0
32287 919
32297 1118
32322 722
32377 1413
32455 903
32523 645
32549 587
32646 63
32678 1360
32897 212
32922 65
33203 291
33368 866
33385 375
33420 236
33441 514
33549 567
33553 43
33694 882
33922 731
33935 823
34110 689
34303 940
34355 402
34408 661
34447 1190
34496 574
34754 544
34969 255
35039 471
35068 1297
35147 111
35165 1081
35173 79
35198 74
35256 676
35324 650
35494 771
35496 582
35608 817
35736 252
35764 435
35823 415
35901 731
35945 363
36063 1162
36069 651
36206 450
36216 1429
36248 623
36547 1341
36692 865
36719 1129
36724 507
36733 1274
36886 1419
37277 258
37294 817
37338 1296
37498 123
37619 969
37632 328
37679 696
37711 600
37835 1148
37870 1030
37939 1433
38201 503
38673 455
38718 1271
38731 559
38864 501
38929 542
39041 637
39075 981
39127 230
39151 1006
39186 1121
39194 1084
39203 1392
39249 752
39315 70
39357 833
39393 645
39534 1251
39556 1533
39571 104
39601 1150
39643 135
39656 1200
39756 1011
39963 1530
39992 453
40092 645
40236 501
40282 513
40462 767
40571 683
40730 270
40755 1055
40797 432
40952 754
41024 943
41212 1065
41328 1064
41370 668
41445 638
41551 1412
41562 257
41758 1515
41810 575
41839 608
41999 117
42141 1147
42163 192
42207 1038
42247 458
42261 17
42449 120
42543 1059
42657 190
42667 606
42727 1339
42756 1045
42759 359
42844 818
42916 1516
43120 740
43125 1183
43145 484
43319 1016
43682 462
43931 241
43960 1339
43980 26
44043 9
44054 1052
44093 1046
44156 1096
44190 914
44418 42
44428 853
44429 86
44431 117
44566 407
44604 1108
44806 588
44807 1362
44867 514
44977 1191
45010 490
45128 757
45143 266
45206 1376
45265 238
45408 864
45433 611
45499 521
45543 1002
45557 1075
45560 1362
45636 655
45821 787
46084 373
46108 1140
46178 906
46235 134
46304 1083
46327 236
46398 1223
46426 681
46460 910
46602 1435
46809 423
46877 148
47164 968
47478 924
47482 1369
47491 36
47502 591
47614 1120
47899 444
48030 874
48427 119
48526 914
48686 49
48689 356
48765 1351
48779 854
48792 1155
48873 200
48910 976
49012 675
49069 1301
49117 1015
49137 351
49175 317
49231 316
49346 787
49371 765
49379 241
49437 223
49475 238
49476 852
49572 276
49600 557
49628 1059
50108 65
50118 805
50288 909
50303 186
50436 882
50466 520
50583 158
50730 97
50801 1472
50820 203
50828 936
50854 195
50867 1533
50895 723
50929 949
50942 551
51025 443
51191 845
51355 104
51441 1078
51520 1535
51523 649
51531 1369
51582 1081
51728 1086
51868 1462
51897 189
51903 739
51913 593
52148 740
52157 1292
52241 616
52340 330
52365 1217
52533 1510
52577 1360
52578 1317
52919 1404
52951 1063
53062 77
53120 1098
53155 1000
53277 1303
53391 276
53515 390
53530 1401
53537 1304
53566 1258
53571 912
53644 1460
53710 70
53850 922
54031 1265
54087 379
54143 425
54170 65
54537 1020
54628 1206
54683 715
54943 478
55041 229
55060 1251
55543 823
55620 95
55630 375
55725 445
55870 470
55886 1031
56019 676
56034 149
56137 351
56144 616
56342 1342
56531 597
56672 345
56680 1518
56726 1417
57057 1511
57119 73
57128 1229
57132 1259
57139 1394
57149 434
57216 1454
57315 1174
57318 706
57704 202
57857 1407
57972 467
58116 1534
58157 1279
58202 514
58334 660
58505 1331
58565 1061
58767 556
58884 1282
58935 96
58976 666
59095 271
59145 377
59159 936
59167 132
59240 1353
59278 704
59441 1234
59467 499
59478 167
59587 43
59875 456
59973 1386
60056 766
60159 225
60223 228
60290 534
60320 88
60389 762
60474 1075
60541 431
60608 1494
60712 706
60827 46
60946 1403
60957 829
61177 177
61317 1014
61318 762
61331 1158
61410 1108
61590 342
61595 351
61620 1017
61720 1455
61754 470
61774 1448
61799 1487
61838 82
62318 287
62582 211
62682 1396
62704 866
62769 416
62773 1118
62774 1079
62820 1424
63021 795
63034 315
63049 1352
63061 831
63076 584
63127 714
63160 1361
63216 531
63221 746
63272 1228
63310 1132
63345 1480
63387 1061
63389 191
63400 1474
63403 1009
63412 392
63552 1528
63592 579
63607 1211
63759 991
63770 1146
63783 741
63915 998
64177 949
64180 1080
64485 10
64581 619
64673 1141
64731 1286
64824 888
64876 1255
65015 506
65144 370
65239 1523
65241 871
65319 254
65348 1230
65428 201
65474 943
65581 759
65610 1120
65664 41
65675 305
65789 1015
65791 725
65812 814
65838 110
65990 153
66019 869
66026 525
66037 1118
66091 684
66149 237
66215 1504
66328 499
66377 130
66381 1497
66390 287
66404 1356
66549 321
66582 132
66686 988
66699 919
66804 722
66817 1281
66946 456
67009 491
67114 137
67163 489
67168 372
67248 831
67278 1072
67334 675
67501 1058
67531 1124
67708 1039
67840 978
67869 1499
67889 95
67934 614
68109 396
68201 702
68267 674
68328 79
68437 944
68464 615
68477 956
68485 1032
68489 1509
68523 589
68620 396
68624 817
68798 583
68852 200
68897 1465
68955 519
68973 347
69095 1212
69179 524
69321 648
69563 208
69697 172
69807 1414
69925 1259
70105 221
70122 947
70161 405
70173 456
70253 1008
70296 131
70369 1470
70411 1262
70426 335
70499 1303
70562 693
70586 793
70654 141
70730 530
70771 252
70962 855
70997 817
71243 970
71331 392
71355 517
71444 553
71670 983
71788 1179
71922 2
71958 1030
72021 1274
72240 119
72281 50
72376 1170
72379 182
72580 1475
72667 450
72719 974
72919 264
73089 306
73144 879
73207 700
73225 526
73244 52
73276 923
73370 1392
73413 992
73731 1300
73819 1060
73891 1112
74019 819
74108 743
74243 269
74252 1154
74285 10
74518 1317
74585 783
74614 1214
74762 823
74897 303
74908 813
74916 870
74930 133
74971 1311
75087 30
75153 899
75215 400
75220 583
75264 286
75274 1205
75290 125
75369 1186
75438 1465
75502 682
75554 594
75633 961
75825 1144
75841 140
75979 928
76203 933
76278 802
76294 272
76412 401
76475 336
76521 1057
76600 1182
76680 634
76714 919
77000 1237
77007 556
77052 1095
77077 293
77259 568
77260 782
77289 967
77300 1286
77434 476
77509 128
77665 1288
77723 853
77865 264
77895 746
77963 1054
77969 860
78021 263
78219 1441
78386 308
78396 1213
78461 231
78488 1361
78605 662
78704 925
78808 526
78897 935
78912 333
78925 34
78963 751
79018 1496
79032 910
79091 1024
79203 701
79274 996
79357 1126
79401 350
79567 1130
79576 1019
79590 1285
79613 1395
79628 1462
79684 552
79698 1045
79735 856
79749 1367
79807 530
79858 99
79879 801
79953 1374
79968 535
79999 624
80019 103
80075 1375
80095 548
80108 218
80167 171
80250 1375
80275 520
80300 1286
80355 255
80390 1311
80471 665
80626 1374
80864 739
80984 203
81121 184
81181 94
81197 89
81439 648
81480 179
81544 1460
81564 341
81708 781
81771 186
81803 105
81829 1096
82027 1438
82039 1210
82176 153
82200 950
82220 149
82324 1184
82337 1423
82474 176
82507 375
82527 1401
82543 707
82554 60
82823 1067
82836 483
82947 689
82949 1053
82986 267
83035 329
83059 1138
83197 778
83338 878
83363 1532
83416 163
83425 1300
83458 529
83568 836
83694 1370
83762 1189
83830 1144
83837 537
83853 178
83855 887
83881 780
84002 868
84024 961
84029 134
84046 535
84052 1068
84099 302
84159 1236
84219 459
84252 531
84268 1433
84277 1194
84364 319
84374 1338
84404 248
84450 945
84535 370
84550 1411
84706 385
84711 921
84718 1165
84722 440
84749 1319
84885 920
84903 266
85024 216
85050 871
85182 770
85273 1059
85408 1314
85419 676
85476 581
85551 680
85572 1338
85618 473
85667 827
85672 805
85807 562
85844 1004
86103 908
86239 1160
86341 184
86371 845
86446 24
86467 686
86625 579
86794 608
86903 779
87044 1536
87080 441
87108 1304
87243 575
87279 1000
87383 1162
87411 1083
87444 201
87491 120
87513 1201
87589 1340
87713 1333
87742 1027
87763 316
87768 1536
87864 1387
88492 141
88508 472
88727 23
88815 482
88900 648
88905 1491
88915 641
88923 902
88976 541
89011 191
89030 256
89408 834
89548 364
89655 1383
89676 710
89802 364
89864 1526
89925 760
89944 1243
90031 996
90194 991
90309 455
90415 557
90536 150
90638 1409
90668 1381
90854 1330
90956 225
91029 975
91066 118
91110 954
91187 661
91201 193
91245 602
91456 174
91459 1250
91569 1254
91578 775
91593 1386
91664 1399
91796 1421
91924 1120
92045 835
92206 622
92221 398
92272 945
92436 173
92439 69
92460 745
92504 266
92574 734
92911 548
92938 149
93091 726
93695 713
93732 1258
93770 295
93831 275
93934 650
94002 1404
94091 101
94149 864
94164 884
94236 641
94240 70
94309 1012
94366 888
94367 1256
94454 1348
94480 1037
94512 1035
94564 1123
94720 64
94907 925
94955 760
95011 226
95074 70
95170 1136
95245 489
95258 1047
95293 1148
95325 1363
95355 547
95449 1
95469 1529
95556 884
95641 260
95669 821
95687 332
95698 1039
95794 1003
95928 417
96021 821
96050 1310
96064 1
96082 1406
96114 159
96135 1072
96263 371
96471 1235
96664 779
96713 133
96843 10
96870 45
96882 1498
96986 1224
97110 19
97163 512
97164 1252
97179 294
97310 618
97318 241
97372 534
97521 484
97590 1209
97599 777
97625 908
97694 164
97764 1369
97775 1140
97931 1348
97991 1022
98162 51
98662 1403
98808 283
98816 1020
98884 325
99017 143
99080 1039
99120 227
99168 810
99250 1162
99259 379
99413 1101
99424 0
99471 6
99633 1531
99718 1179
99720 1026
99808 1350
99956 1206
100016 676
100451 559
100510 853
100513 1448
100607 772
100656 549
100679 903
100751 189
100779 1142
100789 1172
100895 0
101005 641
101118 1213
101124 688
101209 1441
101229 324
101265 352
101331 1400
101450 944
101598 750
101607 496
101752 579
101939 693
101992 330
102008 957
102303 1447
102378 1132
102412 601
102470 682
102611 299
102648 110
102688 1167
102715 1507
102801 132
102871 805
102937 1095
103082 647
103089 1164
103248 906
103527 101
103545 1460
103685 1056
103720 349
103738 1246
103743 629
103759 213
103890 1463
103935 1223
104010 809
104048 225
104056 159
104446 802
104462 1154
104500 1204
104599 708
105034 1036
105083 1280
105117 1284
105121 885
105201 195
105530 1289
105554 1231
105675 1085
105745 635
105765 1518
105828 513
105835 851
105985 438
106013 385
106018 44
106114 100
106208 277
106385 100
106386 1474
106465 1017
106472 964
106525 541
106568 448
106572 38
106666 448
106667 407
106743 160
106875 740
106913 190
107015 706
107027 683
107084 1315
107160 651
107357 984
107394 864
107421 721
107437 1234
107570 950
107577 1353
107656 1229
107670 1008
107675 1225
107786 1359
107811 232
107884 247
107931 208
107932 125
107995 1441
108094 1448
108147 38
108188 1061
108324 358
108352 1419
108361 1462
108460 438
108532 1212
108538 566
108624 557
108680 1047
108716 200
108859 1278
108883 1320
109073 1269
109196 977
109309 457
109392 276
109735 751
109776 455
109817 810
109839 209
109969 1315
110169 1376
110188 919
110211 1144
110236 973
110397 187
110445 217
110754 582
111019 1197
111020 1130
111026 1038
111218 99
111231 506
111265 887
111415 937
111511 1028
111559 980
111623 1061
111643 1265
111687 793
111734 475
111812 1416
111858 953
111885 642
111924 484
111936 731
112298 107
112358 239
112397 1385
112499 393
112554 685
112755 1501
112761 753
112846 492
112875 156
113015 1183
113056 730
113147 1325
113154 1523
113179 759
113207 667
113478 456
113532 784
113578 1388
113619 285
113632 1418
113709 129
113887 1100
113953 872
113955 1364
114040 1342
114123 125
114156 535
114379 682
114411 345
114626 993
114709 1395
114932 251
114974 609
114979 1275
115046 347
115154 329
115182 1004
115388 1358
115407 1486
115521 1369
115663 659
115940 290
116056 1408
116133 180
116144 878
116256 1229
116306 1087
116563 1379
116571 46
116671 1055
116693 738
116872 870
116883 1278
116929 545
117053 340
117074 982
117155 334
117291 657
117302 709
117363 423
117365 475
117371 787
117372 60
117412 187
117417 210
117545 500
117619 1091
117791 1154
117851 525
117859 522
117923 540
118224 329
118289 1241
118368 1081
118392 288
118691 464
118744 83
118874 790
118881 344
118959 250
118993 683
119045 1502
119058 585
119159 1070
119258 1283
119260 440
119276 24
119330 1161
119464 221
119511 143
119542 674
119581 1274
119633 323
119665 902
119709 1506
119816 1222
119858 368
119973 891
120048 771
120073 527
120104 481
120181 803
120212 201
120237 236
120261 1135
120283 933
120298 988
120342 1031
120491 1199
120514 443
120624 13
120630 284
120652 1316
120764 1334
120798 64
120816 1067
120850 1294
120869 1052
121149 762
121290 382
121310 131
121460 633
121561 449
121567 895
121572 524
121731 1280
121764 1467
121765 918
121894 1204
121942 260
122077 1042
122231 277
122287 124
122442 758
122508 1080
122613 1247
122733 918
122752 795
122923 470
122931 1479
123011 1493
123134 1531
123336 1250
123406 1134
123476 92
123660 649
123764 1184
123835 397
123983 718
124091 658
124105 758
124126 1473
124133 712
124183 1508
124296 886
124519 640
124580 1136
124621 730
124683 11
124701 230
124706 185
124771 1239
124943 269
124948 1142
125027 1254
125041 1249
125069 633
125183 616
125344 381
125381 991
125516 501
125520 574
125525 729
125671 951
125722 96
125835 845
125850 525
125884 114
125940 647
126072 244
126093 1520
126370 842
126409 1143
126640 425
127012 510
127209 1255
127292 1510
127308 1113
127355 61
127387 1444
127395 173
127447 439
127494 1301
127528 1493
127552 273
127562 778
127576 158
127580 873
127725 5
127869 1288
127900 1177
127982 1527
128089 1300
128187 317
128355 94
128367 1520
128381 979
128405 966
128456 976
128527 1156
128657 1123
128680 1505
128819 480
128880 1046
128909 603
128965 1001
128978 269
129058 1395
129059 558
129068 1395
129110 402
129286 919
129463 264
129482 588
129609 1271
129620 952
129683 604
129753 603
129847 226
129852 34
129912 910
129998 1073
130111 490
130183 1213
130272 1108
130364 164
130678 913
130772 1354
130884 1433
130907 880
131017 613
131033 488
131154 1216
131250 765
131466 1204
131522 735
131558 297
131573 221
131628 1203
131838 300
131892 969
131920 748
131939 13
131974 1522
132194 972
132258 1077
132260 1161
132261 1266
132322 1121
132352 747
132407 1293
132666 1367
132668 217
132670 843
132870 1487
132975 659
133045 72
133237 1264
133241 438
133371 1533
133564 579
133657 1459
133668 1103
133783 1045
133829 145
133843 1478
134056 201
134204 1493
134228 1361
134285 303
134434 406
134510 694
134539 834
134563 565
134699 135
134734 1146
134782 98
134874 919
134992 719
135017 354
135081 684
135097 767
135163 67
135212 1305
135418 1523
135421 1204
135443 1035
135463 873
135481 784
135694 68
135764 463
135885 98
135920 745
136004 227
136242 1445
136278 794
136315 877
136316 1479
136390 749
136519 837
136569 1319
136599 1129
136657 867
136685 1149
136691 367
136813 1035
136873 895
136976 1391
136981 614
136985 33
137017 663
137077 1116
137139 1058
137213 65
137266 249
137323 550
137375 393
137546 86
137609 980
137619 1226
137662 1236
137694 20
137754 374
137760 1447
137787 158
137812 1120
137891 12
137992 302
138084 535
138105 301
138160 1168
138222 3
138223 683
138227 884
138233 290
138269 788
138660 1093
138717 823
138957 933
139007 387
139103 1166
139408 541
139521 1094
139582 712
139586 1211
139669 877
139730 329
139796 867
139879 970
139890 1139
140023 788
140045 1252
140064 1199
140097 275
140135 1271
140178 151
140246 632
140292 542
140302 1536
140433 282
140553 731
140662 516
140753 504
140932 536
141181 61
141188 1200
141250 529
141320 1194
141330 1453
141573 788
141688 595
141761 552
141885 96
141981 1418
141986 813
141994 1306
142147 286
142239 292
142246 69
142258 194
142269 1431
142357 737
142415 703
142487 726
142528 181
142549 1232
142650 930
142721 1217
142750 805
142899 1302
142976 1083
143124 757
143296 843
143385 1502
143454 1280
143462 1121
143574 1206
143592 446
143613 1251
143724 1008
143933 14
143980 1017
144054 91
144101 1434
144169 475
144286 330
144287 973
144382 1391
144397 600
144563 1193
144582 1518
144636 1517
144750 1099
144775 22
144833 63
144919 709
144923 198
144933 1023
144949 889
145019 1187
145188 582
145530 1386
145622 1241
145638 132
145729 1492
145757 1043
145807 457
145853 294
145919 716
146018 948
146029 281
146114 409
146142 513
146189 1360
146398 350
146513 478
146531 1037
146561 1401
146612 797
147118 266
147170 474
147318 1486
147390 465
147403 279
147516 1352
147640 1392
147645 718
147659 568
147784 964
147806 1127
147956 43
147959 111
148053 567
148375 286
148544 1510
148578 581
148604 324
148636 1380
148692 774
148698 435
148735 1350
148751 687
148783 555
148915 225
149266 112
149430 1299
149438 1422
149631 1237
149658 1386
150028 280
150195 539
150258 271
150322 1392
150328 118
150368 237
150402 1220
150404 844
150425 583
150612 91
150669 1384
150680 624
150786 359
150817 1019
150820 962
150884 48
151012 692
151049 566
151125 1452
151149 1078
151150 1052
151300 587
151350 1367
151558 1107
151582 1295
151699 1222
151804 1402
151821 752
151833 820
151845 285
151858 1103
151877 1487
151891 922
151922 1223
151983 939
152036 871
152063 544
152294 1191
152315 1354
152368 788
152467 423
152495 718
152511 784
152755 513
152758 168
152815 312
152951 1133
152965 1532
152996 780
153118 1356
153127 446
153173 638
153253 613
153269 1366
153294 1054
153333 6
153585 1092
153634 229
153653 659
153704 407
153764 6
153813 563
153918 983
153953 122
153965 240
154218 409
154263 632
154351 140
154480 1340
154785 139
154848 588
154855 799
154862 871
154947 483
155364 235
155431 820
155444 74
155623 1382
155713 406
156012 1284
156054 1446
156062 1332
156095 1205
156342 251
156425 1443
156447 331
156477 537
156580 639
156772 622
156873 1401
156936 477
156981 1100
157015 532
157089 72
157162 913
157328 48
157387 1514
157564 1365
157678 1318
157682 656
157805 471
157884 183
157966 581
158025 879
158143 408
158194 525
158260 1429
158264 1437
158289 1035
158601 1364
158625 1329
158820 1235
158967 1257
159058 953
159145 1144
159148 726
159152 1060
159221 1088
159226 194
159251 1308
159289 1175
159305 1487
159397 386
159578 1493
159778 1360
159930 296
160037 1196
160475 923
160545 1058
160564 418
160608 413
160713 745
160961 517
160977 42
161025 728
161188 1314
161209 111
161343 1434
161373 1116
161555 382
161628 1174
161673 556
161733 673
161989 213
161999 284
162040 861
162086 239
162089 635
162141 368
162186 1468
162282 491
162411 1463
162449 974
162617 1100
162651 1214
162910 1494
162972 624
163003 148
163147 457
163167 1493
163218 995
163276 1439
163402 889
163435 455
163567 1215
163589 816
163598 96
163649 773
163741 566
163760 88
163773 283
163775 1095
163844 559
163972 668
164056 70
164096 221
164187 1442
164193 763
164249 661
164371 515
164390 68
164546 511
164554 537
164694 1235
164792 85
164945 1348
164966 1369
165035 1275
165057 614
165080 1407
165125 1032
165129 214
165202 216
165280 196
165345 659
165393 1218
165442 506
165452 893
165540 1477
165577 611
165578 378
165602 393
165613 1329
165620 602
165643 540
165671 1092
165672 565
165819 973
165874 747
165985 122
166177 343
166336 599
166398 1534
166672 357
166920 547
166997 1500
167068 1391
167088 1137
167202 490
167213 54
167299 676
167405 1065
167533 917
167563 486
167569 134
167608 1535
167636 412
167674 1328
167698 553
167705 347
167802 1118
167819 490
167896 668
167900 620
168008 294
168052 652
168129 284
168138 675
168256 682
168365 1329
168423 233
168577 1295
168619 388
168714 1055
168787 1235
168976 505
169034 176
169115 252
169176 1087
169241 467
169419 10
169520 815
169536 1300
169808 1497
169834 1116
169975 1263
170138 1080
170222 457
170464 572
170786 874
170801 1378
170977 1088
171038 1341
171102 389
171147 1331
171159 687
171229 1050
171308 677
171390 943
171492 584
171538 851
171561 239
171580 854
171589 908
171649 1046
171762 672
171829 731
171875 190
171908 17
171944 1212
172107 815
172127 726
172145 1346
172334 1334
172386 991
172408 1448
172425 777
172433 642
172437 323
172508 1369
172624 60
172673 388
172725 912
172796 769
173070 600
173106 771
173182 1307
173279 773
173391 897
173780 628
173918 1438
173990 520
173992 39
174031 376
174033 3
174044 1248
174047 929
174052 815
174069 1024
174071 260
174075 629
174161 1051
174184 595
174200 37
174475 278
174519 1235
174528 63
174539 233
174544 833
174583 156
174644 818
174834 900
174845 1504
174854 516
174934 227
174988 1079
175051 271
175088 1257
175152 882
175295 821
175404 424
175436 1340
175465 738
175466 590
175467 647
175518 872
175756 614
175768 140
175804 415
175847 36
175889 1432
175989 1500
175997 172
176119 1032
176208 978
176225 678
176414 837
176443 353
176445 519
176518 74
176628 154
176702 1096
176755 1182
176881 1351
176884 356
177065 704
177078 966
177122 418
177226 350
177450 657
177605 232
177762 1194
177854 281
177953 800
178028 1184
178053 1109
178090 1527
178109 239
178233 155
178249 46
178331 298
178408 135
178456 576
178485 631
178610 278
178674 1032
178921 397
179070 1485
179375 577
179443 1154
179525 476
179536 999
179595 451
179641 974
179693 736
179771 220
179857 417
179877 214
179957 843
180019 690
180120 173
180130 1059
180166 1499
180248 540
180281 374
180289 12
180351 370
180434 132
180493 164
180591 36
180659 551
180673 397
180750 614
180789 426
181019 1458
181119 1043
181123 1303
181158 665
181292 36
181411 269
181435 1365
181450 1262
181460 1293
181644 1019
181874 965
181964 821
182298 1314
182420 948
182442 294
182616 312
182627 955
182793 311
182842 385
182920 451
182944 647
182993 832
183021 1003
183056 674
183108 416
183116 681
183293 1213
183586 1361
183666 1184
183720 1382
183973 611
183981 157
183982 1513
184010 751
184030 1445
184148 783
184182 387
184186 1031
184368 637
184377 614
184466 325
184609 898
184742 722
184822 907
185101 837
185163 569
185243 1006
185281 971
185529 1350
185686 1383
185770 580
185793 1404
185836 1433
185968 1297
185971 336
186029 390
186033 174
186055 1355
186123 1384
186172 855
186217 38
186419 142
186507 486
186607 982
186623 911
186683 1316
186956 1231
187070 614
187172 906
187193 1193
187321 1188
187323 1338
187492 438
187600 723
187615 346
187617 970
187639 1466
187738 1430
187762 690
187827 715
187830 169
187860 19
188048 143
188089 992
188178 1009
188220 755
188263 694
188297 487
188400 177
188520 1418
188552 1252
188614 910
188727 427
188784 60
188884 143
188938 1182
188955 1271
189073 176
189269 299
189379 927
189527 280
189534 432
189612 703
189682 571
189748 593
189775 1405
189792 1304
189846 1490
189856 45
190005 188
190060 958
190090 523
190130 678
190153 923
190170 1329
190216 591
190465 1128
190466 641
190497 601
190858 1104
190947 1390
191142 822
191183 1365
191267 676
191443 793
191507 631
191518 1367
191626 838
191657 19
191669 820
191832 920
192026 1287
192057 1441
192079 1022
192109 378
192146 22
192158 465
192219 863
192235 325
192242 1118
192306 767
192462 700
192484 634
192603 406
192666 492
192677 242
192698 1505
192750 270
192770 238
192824 739
192884 798
192961 1293
192966 298
192968 431
192984 187
193095 955
193256 334
193415 443
193426 1302
193456 428
193520 397
193573 1136
193625 1000
193646 1498
193662 1173
193734 48
193872 1230
193877 174
194332 286
194342 1167
194469 1532
194762 1045
194788 1508
194919 204
194947 148
194958 1336
194992 973
195064 1304
195089 1311
195223 727
195297 661
195351 691
195371 874
195435 351
195544 1053
195886 865
195975 1483
195996 1488
196224 93
196232 389
196245 368
196255 787
196415 1126
196449 240
196517 283
196594 312
196668 207
196750 1300
196844 334
196850 705
197030 96
197031 900
197033 408
197095 1498
197125 1007
197145 742
197319 541
197734 1180
197740 547
197940 1031
198000 852
198161 239
198251 812
198289 1146
198295 1311
198376 213
198537 360
198551 216
198671 218
198719 683
198754 1460
198786 1111
199012 165
199139 464
199141 735
199284 902
199317 1534
199342 1355
199428 965
199434 804
199459 332
199498 786
199535 829
199562 807
199668 1377
199912 129
199986 1387
200002 655
200019 344
200202 73
200331 398
200334 134
200345 71
200455 1182
200465 432
200468 522
200556 857
200655 338
200806 381
200825 927
200837 282
200927 1173
200934 1351
200950 448
200958 147
200990 1404
201024 592
201077 664
201187 407
201249 63
201277 1376
201376 1335
201450 1447
201550 1332
201564 508
201597 28
201712 676
201888 1484
201990 1
201994 109
202185 640
202232 1408
202421 1365
202508 273
202553 1102
202605 522
202649 550
202896 585
202902 1269
202964 640
203105 1388
203149 942
203181 511
203248 115
203279 985
203291 381
203295 925
203309 1491
203361 1292
203373 1437
203436 980
203461 1533
203890 360
203926 125
203930 1427
203983 1380
204121 1434
204176 269
204199 139
204221 920
204323 609
204468 1212
204980 19
205090 752
205239 1396
205281 633
205342 1077
205382 833
205594 1211
205669 1529
205766 188
205939 843
205943 622
206042 493
206095 1497
206291 348
206326 1180
206327 568
206444 1192
206596 974
206685 437
206688 354
207015 701
207130 1414
207151 610
207343 1477
207399 1244
207454 884
207472 360
207648 1091
207666 1255
207880 891
207948 1464
208180 561
208281 1244
208922 634
208929 71
209009 122
209063 639
209169 1250
209361 1089
209392 1115
209411 1396
209629 697
209756 999
209840 956
209908 374
209926 831
209942 881
209966 5
210032 1049
210039 952
210069 272
210079 1141
210094 1336
210157 144
210223 1366
210356 1225
210480 1168
210502 927
210543 1406
210562 1534
210575 666
210635 542
210763 547
210830 755
210876 306
211008 970
211038 860
211166 293
211175 1388
211288 7
211387 870
211512 743
211644 624
211818 1126
211895 1372
212067 100
212110 375
212115 370
212186 1002
212288 83
212436 845
212525 266
212534 761
212569 347
212608 204
212628 187
212721 51
212793 795
212837 768
212859 110
212897 218
212908 1268
212945 322
212950 1517
213103 1228
213106 1096
213139 1118
213307 706
213326 384
213415 955
213452 1408
213557 127
213790 536
213861 599
214007 1308
214055 372
214448 921
214453 585
214581 206
214616 1030
214826 630
214863 435
214874 414
214979 555
215036 657
215353 1389
215385 1117
215720 453
215726 903
215815 1422
215859 226
215873 665
215979 362
216109 853
216144 279
216163 467
216232 936
216300 1123
216464 506
216471 614
216581 116
216609 157
216735 446
216774 1351
216937 127
217063 487
217083 1495
217190 1501
217208 866
217266 890
217372 1164
217538 519
217573 723
217578 379
217702 247
217782 857
217802 1459
217885 60
217906 88
218100 180
218111 1112
218155 569
218247 283
218280 1392
218386 1352
218437 758
218515 566
218653 7
218794 1383
218816 982
218820 1379
218837 457
218982 1317
219013 133
219204 393
219221 85
219524 981
219567 1040
219701 1189
219768 877
219850 103
219855 447
219899 1376
219926 422
220049 841
220239 1315
220284 170
220296 449
220562 754
220599 1356
220705 897
220920 1118
220939 560
220979 69
220990 1517
221064 1217
221068 1045
221074 754
221140 583
221252 570
221455 1044
221475 572
221596 585
221680 1164
221839 67
221918 952
221994 889
222027 1306
222249 1155
222424 125
222528 786
222688 1219
222704 1470
222729 1179
222760 76
222771 404
222872 562
222950 797
223056 461
223081 951
223113 1409
223134 1493
223187 900
223320 673
223351 1102
223407 117
223427 604
223585 646
223618 236
223634 1055
223651 502
223883 1432
223974 899
224020 676
224188 1118
224192 353
224272 457
224289 215
224456 35
224523 340
224627 151
224654 1488
224706 256
224744 1293
224774 888
224832 804
225014 734
225061 919
225066 1394
225069 1459
225147 149
225162 430
225201 585
225243 428
225283 1536
225336 220
225343 1226
225352 906
225611 771
225654 438
225660 1475
225788 1514
225832 407
225899 771
225913 954
225959 1241
226057 968
226064 174
226119 603
226160 780
226333 858
226405 1061
226491 299
226573 265
226649 1446
226671 901
226778 365
226779 23
226912 808
226928 680
227221 1529
227234 934
227240 422
227314 908
227399 51
227407 861
227476 1081
227498 404
227675 1394
227719 807
227865 1058
227874 919
228077 209
228150 1150
228234 1231
228250 984
228373 541
228395 1350
228471 1332
228520 452
228698 872
228848 756
228872 164
228981 262
228982 293
229074 1325
229238 1241
229285 1240
229509 114
229571 933
229732 1147
229754 1032
229762 762
229824 1115
229858 30
229859 404
229927 1346
230036 1320
230351 784
230353 1532
230446 1115
230598 893
230657 492
230695 734
230734 1451
230740 416
230831 512
231052 1213
231189 757
231245 295
231300 823
231347 153
231388 323
231635 606
231734 1518
231772 649
231869 386
231891 879
231929 1114
232194 517
232323 365
232325 221
232340 1256
232621 1034
232652 254
232667 1335
232742 438
232767 1278
232788 1038
232850 356
232855 1499
233080 490
233381 296
233552 572
233745 1318
233840 1119
233847 1132
234006 425
234068 1300
234300 1362
234311 1160
234388 646
234390 715
234474 1092
234475 1378
234591 1527
234734 149
235015 53
235358 531
235594 1300
235598 1047
235819 1216
235881 336
235913 615
235927 356
235968 467
236304 69
236404 34
236459 599
236561 813
236587 787
236644 197
236716 763
236729 918
236872 179
236917 1379
237041 594
237131 540
237203 52
237311 1190
237334 252
237340 388
237358 1236
237383 1107
237399 14
237421 738
237478 1188
237550 201
237574 1188
237675 172
237846 265
237936 859
238028 61
238041 1125
238162 1444
238631 1469
238632 384
238646 1265
238703 1362
238704 822
238715 765
238719 1397
238727 288
238742 1353
238934 447
239048 136
239075 704
239156 1535
239209 1249
239310 445
239418 1120
239439 1185
239739 632
239809 776
239836 940
239839 667
239848 148
239880 335
239905 803
239913 308
240043 1336
240069 176
240099 1440
240108 1270
240215 1298
240224 772
240290 557
240314 849
240429 1335
240433 111
240483 150
240537 908
240553 1306
240681 736
240717 1396
240805 286
240921 1489
240948 163
241131 638
241340 1008
241363 76
241376 1281
241417 665
241454 286
241481 683
241504 1202
241564 1176
241600 1134
241674 280
241692 1518
241699 1378
241713 1335
241868 731
242155 1186
242327 1396
242370 232
242616 901
242942 569
242943 571
243006 493
243137 1254
243145 552
243212 732
243219 303
243302 483
243317 1153
243335 554
243410 117
243550 914
243696 1119
243750 424
243914 710
244068 1329
244206 1356
244226 599
244243 82
244260 470
244301 1212
244419 784
244753 679
244888 265
244904 54
244963 1247
244972 568
245012 1476
245020 1399
245040 1503
245076 153
245219 315
245530 123
245600 284
245611 1233
245663 839
245732 421
