#io generator
#numio=1758 maxtracks=1845 lambda=4.400000
1 856
219 1378
311 308
348 33
498 116
714 889
949 715
962 203
1003 861
1170 819
1196 1312
1332 1596
1638 609
1681 1509
1718 1512
1870 417
1904 1221
2244 1620
2423 512
2650 1108
2693 1440
2701 454
2720 380
2765 918
2879 303
3158 1656
3368 1250
3514 1539
3525 1204
3563 1710
3620 989
3644 166
3717 165
3967 1453
4351 959
4365 1415
4459 692
4729 1493
4863 800
4930 1654
4978 701
5129 98
5145 1120
5151 463
5182 686
5202 1269
5440 719
5593 772
5660 1287
5683 860
5708 618
5735 1515
5861 312
5963 817
6057 209
6099 1805
6169 207
6172 1176
6302 173
6522 1808
6586 125
6698 692
6761 823
6921 1729
6937 0
6990 667
7032 1175
7052 85
7218 1501
7287 756
7546 1529
7596 777
7875 776
7881 1220
7955 1750
8060 1810
8061 571
8106 875
8249 277
8303 1660
8319 1504
8350 896
8412 820
8490 478
8520 39
8633 343
8825 106
8921 1462
8988 1231
9050 1833
9148 177
9494 1167
9547 612
9558 298
9625 956
9631 1167
9672 596
9685 1450
9833 1201
9837 48
9951 1319
9975 965
10126 1513
10165 464
10233 1420
10262 191
10464 407
10600 501
10682 1555
10740 65
10786 913
10898 1283
11070 1451
11137 1081
11196 973
11293 203
11321 1522
11423 28
11529 1751
11561 246
11690 945
11717 1079
11852 1796
12048 528
12220 535
12260 330
12416 1825
12624 1112
12776 657
12797 395
13013 1478
13053 234
13154 1768
13169 502
13406 755
13459 1156
13712 1187
13736 1209
13834 126
14113 801
14158 486
14255 264
14285 900
14425 55
14613 1725
14641 1344
14777 1049
14972 671
15049 1841
15152 802
15206 78
15212 609
15330 504
15712 558
15755 1712
15891 1291
15913 646
16100 821
16284 1087
16350 1260
16426 1327
16480 483
16515 494
16615 1505
16646 483
16675 1243
16712 576
17112 1080
17512 540
17771 1694
17774 1157
17786 703
17851 1025
17876 110
17879 1666
17969 1385
18008 1562
18012 1075
18077 1579
18268 1355
18279 965
18283 773
18360 54
18435 595
18701 805
18745 1032
18826 1355
18829 189
19128 165
19142 1581
19256 1632
19275 961
19530 1393
19948 1439
20043 1344
20262 235
20410 566
20519 1472
20557 318
20570 451
20666 874
20831 288
20855 1539
20885 300
21140 724
21142 1103
21175 355
21188 372
21476 209
21844 1018
22030 1604
22146 1125
22166 617
22220 901
22292 975
22426 215
22505 503
22529 685
22607 691
22643 1706
22694 1648
22717 1083
22718 746
22796 233
22846 161
23174 473
23322 1067
23380 187
23763 1700
23859 950
23968 1339
24043 354
24496 1346
24581 979
24592 1584
24654 921
24796 1214
24805 1412
24811 1147
25034 829
25160 1587
25285 878
25344 256
25432 784
25438 345
25715 1319
25958 846
26195 1683
26216 868
26276 539
26317 1658
26476 152
26559 1621
26749 1143
26820 1366
26827 387
26921 1429
27039 73
27283 488
27347 1797
27408 748
27527 673
27728 1101
27761 97
27768 1329
27811 733
27910 253
27977 327
27978 605
28140 953
28147 1598
28279 1235
28384 762
28510 1024
28626 322
28703 239
28792 404
28862 820
29033 1425
29103 1630
29172 1555
29206 209
29567 1403
29602 1838
29611 162
29685 290
29984 442
30161 1099
30269 989
30285 611
30411 1256
30474 537
30704 1764
30840 1321
30973 431
31067 409
31075 1625
31117 104
31222 1155
31227 1348
31355 1044
31574 1233
31740 1319
31771 848
31800 767
31959 1775
31969 465
31999 1839
32023 1826
32150 1729
32176 578
32193 554
32215 913
32260 1543
32273 757
32359 1541
32709 840
32781 1444
32800 1418
32828 779
32849 62
32899 519
32933 1178
32966 913
33067 1830
33125 1573
33162 1092
33179 923
33188 941
33230 385
33482 1667
33486 1656
33531 1012
33648 979
33687 1704
33984 927
34289 623
34445 449
34795 115
34931 1117
34936 315
34999 665
35145 1128
35344 1569
35357 365
35363 79
35374 192
35651 851
35759 1147
36168 1791
36249 1744
36315 928
36349 475
36489 480
36528 895
36730 693
36839 598
36975 774
37245 1102
37277 106
37438 608
37449 1655
37507 77
37552 161
37663 647
37669 387
37705 982
37832 1069
37990 848
38175 204
38459 1303
38527 1110
38530 411
38532 1783
38706 539
38708 1136
38807 231
38881 104
38899 1609
38915 1534
38941 374
38945 959
39080 1392
39090 970
39114 1734
39217 295
39323 227
39469 1249
39512 1446
39617 307
39625 1233
39780 1288
39940 546
40083 1774
40102 1658
40262 724
40273 1541
40515 1545
40606 22
40652 1485
40947 1
41268 1104
41281 1342
41314 867
41387 1696
41490 1084
41581 774
41615 705
41743 76
41786 1633
42063 254
42096 79
42437 350
42650 1040
42673 451
42720 284
42749 617
42891 680
42897 51
43081 1059
43368 877
43386 988
43612 827
43860 1128
43929 483
43999 794
44051 1428
44117 689
44435 653
44708 306
44801 566
44840 1557
44945 134
44969 1298
44980 95
45013 89
45090 812
45180 780
45400 926
45403 699
45550 980
45718 303
45755 522
45834 498
45938 877
45997 435
46152 1395
46160 782
46339 540
46353 1716
46396 748
46753 1609
46941 1039
46977 1355
46983 609
46995 1530
47194 1703
47612 309
47635 981
47694 1556
47902 147
48060 1163
48078 394
48141 836
48184 720
48346 1378
48393 1237
48485 1720
48808 604
49252 547
49311 1526
49328 671
49502 602
49588 650
49735 764
49781 1178
49851 277
49883 1207
49929 1345
49940 1302
49953 1671
50015 902
50103 84
50159 1000
50207 774
50391 1501
50420 1840
50440 125
50480 1381
50536 162
50554 1440
50686 1213
50950 1837
50988 544
51120 775
51308 601
51370 616
51602 921
51745 820
51952 324
51986 1267
52042 519
52243 905
52338 1132
52579 1278
52731 1277
52787 802
52887 766
53027 1695
53042 309
53293 1818
53363 690
53402 730
53610 141
53796 1377
53826 230
53884 1246
53937 550
53955 21
54197 144
54321 1271
54471 229
54484 727
54563 1607
54601 1255
54605 430
54717 982
54813 1819
55074 888
55080 1420
55106 581
55331 1220
55734 555
56043 290
56081 1608
56108 31
56192 11
56207 1263
56259 1256
56342 1316
56388 1097
56675 50
56689 1024
56690 103
56693 141
56870 488
56921 1330
57179 705
57181 1635
57260 617
57404 1430
57448 588
57602 909
57622 320
57706 1652
57784 286
57971 1037
58005 734
58093 625
58151 1203
58169 1290
58173 1635
58273 787
58511 945
58835 448
58867 1368
58959 1088
59035 161
59127 1300
59158 284
59252 1468
59290 818
59335 1092
59521 1723
59785 508
59875 178
60221 1163
60591 1110
60597 1644
60609 43
60623 710
60770 1344
61115 533
61287 1049
61707 143
61838 1097
62046 59
62050 427
62150 1622
62168 1025
62185 1387
62293 241
62342 1171
62476 810
62552 1562
62616 1218
62643 422
62693 381
62768 379
62920 944
62954 919
62965 289
63042 267
63092 285
63094 1023
63220 331
63257 669
63295 1271
63741 79
63755 967
63975 1091
63996 223
64170 1059
64210 624
64364 190
64556 117
64650 1767
64675 243
64686 1124
64720 235
64738 1841
64775 869
64821 1139
64839 662
64949 532
65164 1015
65377 125
65491 1294
65596 1843
65600 779
65611 1643
65679 1298
65869 1304
66052 1755
66091 227
66099 887
66112 712
66407 889
66419 1551
66530 739
66661 396
66695 1461
66913 1813
66971 1633
66973 1581
67362 1686
67405 1276
67551 93
67628 1318
67675 1201
67835 1564
67985 332
68148 468
68169 1681
68179 1566
68217 1510
68223 1095
68319 1752
68407 84
68589 1106
68822 1519
68896 455
68970 510
69006 79
69411 1225
69532 1448
69605 859
69925 574
70055 275
70081 1502
70527 988
70629 114
70643 450
70644 1303
70679 1563
70716 356
70829 1513
70888 343
70898 1359
70924 163
70976 1702
71184 1684
71234 1547
71260 199
71650 825
71903 1819
72274 1025
72279 208
72442 110
72615 165
72852 232
72886 1067
73171 1333
73318 79
73381 1832
73395 1588
73641 10
73792 561
73980 1842
74034 1535
74094 618
74267 792
74488 1598
74568 1273
74826 667
74980 1538
75048 116
75102 800
75258 326
75324 453
75343 1123
75354 158
75451 1624
75502 846
75714 1481
75749 600
75764 201
75907 52
76254 548
76383 1664
76493 920
76629 270
76713 274
76802 641
76842 106
76934 915
77046 1291
77135 518
77224 1794
77361 848
77513 56
77669 1684
77684 995
77962 212
78145 1218
78146 915
78163 1390
78268 1330
78500 411
78507 421
78540 1221
78671 1747
78717 565
78743 1738
78776 1785
78829 99
79275 345
79600 254
79732 1676
79762 1040
79848 499
79854 1342
79856 1295
79917 1710
80173 954
80190 379
80210 1623
80227 998
80248 701
80316 857
80360 1633
80435 638
80442 896
80510 1474
80561 1359
80607 1776
80663 1274
80666 230
80681 1769
80686 1211
80698 471
80880 1834
80934 695
80954 1454
81152 1190
81167 1376
81185 889
81358 1198
81681 1139
81685 1297
82047 12
82173 744
82295 1370
82372 1544
82495 1066
82565 1506
82746 608
82915 444
83040 1829
83043 1045
83146 305
83184 1477
83290 241
83351 1132
83491 912
83530 1345
83601 50
83615 367
83764 1218
83767 870
83795 977
83830 132
84027 183
84065 1044
84074 630
84088 1342
84160 821
84237 285
84325 1805
84474 599
84539 156
84544 1797
84556 344
84575 1627
84765 386
84810 158
84947 1186
84964 1104
85102 867
85120 1538
85289 547
85373 589
85511 165
85577 587
85584 447
85689 998
85729 1287
85803 811
86019 1270
86059 1350
86287 1248
86459 1175
86498 1799
86525 114
86585 737
86811 476
86933 843
87021 809
87102 95
87246 1134
87282 738
87299 1147
87309 1238
87315 1812
87361 708
87489 476
87495 981
87720 700
87792 240
87852 1758
87929 623
87953 417
88114 1456
88226 630
88412 778
88715 250
88890 207
89034 1697
89189 1511
89421 265
89444 1137
89497 486
89513 547
89618 1210
89675 157
89771 1765
89827 1514
89847 402
89943 1564
90027 832
90059 952
90149 170
90250 636
90251 761
90269 1688
90352 678
90430 1768
90532 1255
90562 506
90604 1259
90650 1746
90754 1445
90902 1517
90950 1237
91034 1529
91311 143
91366 60
91491 1404
91495 219
91752 1771
91867 541
91936 1169
92192 318
92412 367
92485 1055
92569 840
92593 632
92619 63
92662 1108
92786 1671
92843 1191
93215 1561
93331 1272
93427 1334
93594 983
93711 892
93888 323
93900 1385
93944 12
94236 1581
94324 940
94362 1458
94555 987
94731 363
94746 976
94757 1044
94776 159
94830 1574
94982 36
95070 1079
95152 481
95159 700
95218 343
95232 1446
95254 150
95359 1424
95450 1759
95534 819
95603 713
95708 1154
95954 1373
95975 168
96155 1114
96438 1121
96538 962
96560 327
96715 482
96798 403
96859 1269
96964 1419
97070 761
97116 1103
97462 1485
97471 668
97531 1315
97564 352
97798 682
97800 938
97839 1161
97853 1544
98028 572
98127 154
98330 1546
98407 1024
98593 317
98633 896
98723 1265
98732 1033
98801 316
99054 1729
99270 370
99284 1456
99370 277
99406 1634
99560 795
99691 1111
99828 631
99946 1122
99966 400
99984 40
100034 902
100107 1796
100126 1092
100204 1229
100351 841
100446 1196
100555 1351
100614 420
100829 1357
100841 1223
100859 1543
100890 1674
100910 1754
100984 663
101003 1255
101052 1027
101071 1641
101148 636
101215 119
101216 453
101291 1136
101516 328
101560 612
101613 427
101620 959
101845 431
101890 296
101905 987
101917 1214
102142 516
102184 510
102367 937
102385 678
102578 1196
102636 1595
102860 1760
102927 1454
102941 1530
102954 993
102960 346
102966 1764
103022 765
103034 1040
103326 421
103351 1559
103424 1034
103437 637
103444 530
103571 1701
103841 269
103998 1531
104008 494
104106 428
104116 1362
104266 292
104524 1529
104536 642
104564 427
104805 358
104868 246
104872 1787
104993 296
105031 1408
105092 51
105210 709
105229 872
105253 505
105390 1536
105462 1547
105549 511
105988 918
105999 207
106188 646
106231 1398
106311 1484
106533 1077
106684 1081
106823 163
106867 356
106879 64
106967 536
107039 1461
107124 459
107224 131
107233 363
107277 155
107398 838
107420 998
107585 552
107629 637
107650 1721
107663 1433
107778 383
107791 1606
107831 298
107892 1134
108005 444
108025 1694
108227 463
108233 1105
108242 1399
108247 529
108283 1584
108461 1105
108485 320
108643 259
108678 1046
108851 924
108972 1271
109149 1577
109164 812
109240 698
109339 817
109367 1607
109428 568
109493 993
109500 967
109676 675
109725 1205
110045 1090
110222 1392
110356 221
110396 1014
110495 29
110523 824
110729 695
110947 729
111090 936
111274 1844
111323 529
111360 1566
111536 690
111584 1200
111721 1395
111758 1300
111801 241
111864 145
111893 1442
111994 1609
112156 1601
112195 1233
112223 380
112229 1844
112356 1666
112815 169
112836 567
113113 28
113230 579
113342 778
113349 1790
113363 769
113374 1083
113444 649
113491 229
113517 307
113928 1001
114110 437
114251 1660
114278 853
114443 437
114526 1832
114606 913
114632 1492
114747 1196
114959 1189
115111 546
115250 669
115409 181
115543 1691
115583 1658
115822 1596
115957 270
116054 1170
116103 141
116162 1145
116264 794
116282 232
116341 723
116610 209
116614 1501
116758 1505
116770 930
116790 1664
116884 1679
117057 1706
117225 1344
117383 1002
117592 746
117612 478
117679 1135
117892 207
117896 83
117924 894
117983 319
118076 881
118462 658
118497 179
118696 872
119154 856
119203 1511
119253 355
119334 331
119470 780
119560 1686
119677 121
119754 1037
119774 1061
119870 770
119876 84
119967 1215
120043 1066
120044 1508
120159 1618
120194 1245
120237 1242
120307 1348
120509 77
120749 1110
120813 912
120887 272
120971 84
121097 1364
121196 587
121213 1257
121259 1379
121301 1637
121341 657
121465 1
121492 1835
121607 1061
121720 313
121757 986
121781 399
121796 1248
121922 1204
122098 501
122220 985
122221 589
122414 309
122439 1688
122482 191
122510 1287
122677 445
122941 1482
123188 935
123253 160
123423 12
123459 54
123475 1798
123612 1469
123775 22
123845 615
123847 1503
123868 353
124039 742
124050 289
124122 641
124316 581
124407 1451
124420 933
124455 1090
124547 197
124640 1644
124655 1368
124857 1618
124936 1227
125157 62
125606 1684
125796 340
125807 1225
125897 390
126071 172
126155 1247
126209 273
126273 973
126381 1395
126394 455
126594 1321
126609 0
126672 8
126883 1838
126996 1415
126999 1232
127115 1621
127308 1448
127388 811
127822 671
127900 1024
127904 1738
128028 927
128093 660
128124 1084
128219 226
128256 1371
128269 1407
128409 0
128554 769
128702 1456
128711 826
128824 1730
128851 389
128899 423
128986 1681
129142 1134
129335 901
129347 595
129536 695
129776 832
129847 396
129869 1149
130222 1737
130322 1359
130367 721
130443 819
130627 359
130676 132
130729 1401
130766 1809
130879 159
130971 966
131058 1315
131247 776
131256 1397
131463 1088
131802 122
131826 1753
132009 1268
132056 419
132080 1495
132087 755
132109 256
132280 1756
132339 1468
132439 971
132490 270
132501 191
132918 963
132940 1385
132991 1445
133122 849
133556 1244
133621 1536
133667 1541
133673 1063
133779 234
134159 1547
134190 1477
134349 1303
134442 762
134469 1822
134553 616
134562 1021
134757 526
134794 462
134801 53
134928 121
135052 332
135280 120
135281 1769
135386 1221
135395 1157
135466 650
135523 538
135529 46
135653 537
135654 489
135754 193
135927 889
135978 228
136112 847
136129 820
136205 1579
136305 781
136556 1181
136605 1038
136642 865
136663 1482
136837 1140
136847 1624
136952 1476
136971 1210
136977 1471
137122 1631
137155 278
137156 1126
137174 843
137189 31
137197 1032
137470 1332
137749 923
137751 759
137871 1528
137898 569
138152 209
138446 1334
138480 1121
138638 153
138685 1242
138731 958
138848 691
138862 1554
139042 491
139239 1685
139416 1470
139519 1417
139555 1219
139575 1823
139644 762
139680 761
139757 458
139772 1499
139967 1706
140193 414
140286 476
140425 516
140527 1614
140540 858
140555 1811
140604 1784
140757 27
140892 141
141007 1689
141013 304
141054 666
141142 1580
141238 1316
141351 859
141455 1042
141574 436
141749 802
141823 842
141861 1177
142113 831
142212 554
142267 736
142306 283
142372 1827
142379 996
142396 736
142627 1352
142657 943
142717 1706
143068 155
143137 1231
143176 578
143187 1543
143336 759
143402 1275
143602 175
144008 517
144078 565
144136 1789
144172 930
144245 835
144478 759
144499 293
144753 1165
144762 1660
144890 1059
144976 67
145195 1235
145403 1212
145411 643
145455 1741
145515 627
145541 1730
145647 1216
145884 1741
145902 771
145954 123
146133 1074
146159 1389
146183 571
146291 1716
146507 407
146832 1423
147054 1550
147111 1793
147132 1434
147378 1168
147390 260
147477 1409
147640 884
147765 1777
147992 192
147995 1341
148113 472
148180 1662
148265 246
148445 830
148490 1473
148515 453
148619 1200
148644 1528
148701 247
148764 1006
148797 60
148835 139
148908 31
148912 755
148925 128
148940 1492
148980 1138
149106 1645
149247 999
149290 195
149332 1040
149376 1807
149400 1050
149567 1185
149691 497
149712 1806
149749 917
149754 1502
149828 172
149854 1173
149872 665
149932 902
150285 285
150334 1344
150456 1333
150638 67
150672 343
150673 924
150816 1520
150832 848
150842 612
150901 730
151080 910
151104 634
151194 801
151554 1384
151715 784
151743 1425
151832 1144
151903 510
151946 620
151984 1162
152060 607
152074 514
152091 507
152227 456
152322 327
152427 805
152540 1575
152694 476
152729 1402
152738 341
152767 1579
152914 1602
152959 77
152983 1281
153028 1553
153053 1263
153393 915
153577 458
153604 157
153799 759
153932 539
153940 1075
153947 629
154153 1536
154197 1761
154198 1102
154367 1445
154431 312
154607 1250
154807 332
154882 149
155083 910
155171 1297
155309 1497
155467 1102
155493 954
155714 564
155724 1776
155830 1793
155991 1838
156249 1501
156341 1361
156434 111
156671 779
156807 1422
156901 476
157093 862
157235 790
157254 910
157282 1769
157291 855
157357 1810
157506 1064
157788 768
157869 1364
157923 877
158005 13
158029 277
158036 222
158123 1487
158345 322
158351 1371
158456 1506
158475 1499
158513 759
158663 740
158872 457
158921 1189
159097 602
159103 689
159110 875
159301 1142
159368 115
159517 1015
159537 630
159582 137
159656 777
159828 294
159856 1825
160193 1011
160245 1372
160535 510
160943 612
161195 1507
161305 1813
161326 1336
161389 73
161432 1734
161443 207
161512 527
161574 1562
161620 1792
161652 327
161666 934
161684 190
161689 1048
161878 6
162066 1547
162108 1413
162217 1833
162358 1561
162487 381
162705 112
162721 1824
162740 1175
162773 1159
162841 1171
162935 1387
163105 1348
163135 1807
163316 576
163397 1256
163436 724
163511 1202
163528 323
163634 1675
163636 670
163648 1675
163704 482
163931 1104
164160 317
164186 705
164353 1526
164367 1143
164450 725
164543 723
164668 271
164675 40
164754 1093
164868 1288
165016 589
165111 1456
165228 1330
165350 197
165719 1096
165844 1626
165992 1720
166023 1056
166168 735
166190 586
166349 1460
166475 918
166749 1445
166824 882
166872 357
166892 266
166966 1445
167233 361
167305 1163
167342 898
167368 16
167415 1827
167693 1167
167778 1293
167781 1394
167783 1519
167864 1346
167904 897
167978 1552
168297 1642
168300 261
168303 1012
168559 1785
168698 791
168791 87
169037 1518
169042 525
169212 1840
169460 695
169582 1751
169596 1325
169747 1255
169808 174
169826 1774
170097 242
170289 1792
170321 1634
170396 364
170590 488
170691 833
170729 1001
170762 678
170940 162
170986 1375
171050 118
171171 1103
171326 864
171359 425
171444 821
171466 921
171554 81
171619 1566
171882 1829
171886 1446
171916 1242
171943 1047
171968 941
172238 81
172331 555
172489 117
172535 895
172646 272
172944 1735
172993 953
173043 1052
173044 1775
173141 899
173310 1005
173377 1583
173418 1355
173496 1041
173533 1380
173541 440
173700 1242
173779 1075
173915 1670
173922 737
173927 40
173969 796
174048 1339
174131 1270
174229 78
174300 299
174375 660
174444 472
174665 103
174749 1177
174763 1472
174821 1484
174863 24
174943 449
174951 1737
174987 190
175021 1344
175126 14
175260 362
175381 642
175409 362
175482 1402
175565 4
175566 820
175572 1061
175580 349
175628 946
176045 1312
176121 988
176421 1120
176487 464
176613 1400
176975 649
