#io generator
#numio=4451 maxtracks=527 lambda=9.200000
1 244
88 393
124 88
138 9
197 33
283 254
377 204
382 58
397 246
462 233
472 374
525 456
651 174
667 431
681 408
691 149
734 512
818 436
831 472
867 179
927 43
938 88
947 187
974 354
981 496
1072 461
1117 402
1188 4
1192 344
1206 488
1228 282
1237 47
1265 484
1326 519
1355 67
1413 318
1431 493
1497 385
1519 254
1609 197
1628 407
1630 75
1667 32
1678 137
1696 94
1742 478
1761 410
1782 252
1829 108
1854 114
1870 123
1938 374
1945 332
1968 317
1972 179
2125 260
2129 17
2169 379
2172 468
2328 245
2330 352
2348 241
2371 418
2481 75
2501 190
2517 335
2525 24
2590 428
2616 216
2720 436
2739 222
2852 221
2854 348
2882 499
2923 517
2937 187
2962 398
2968 216
3060 79
3127 137
3153 238
3176 280
3188 136
3232 98
3308 30
3345 417
3371 351
3395 523
3433 50
3580 333
3600 174
3604 85
3630 273
3632 333
3648 170
3653 414
3711 343
3712 13
3756 376
3765 275
3824 432
3839 132
3865 405
3876 54
3956 116
4009 143
4041 444
4063 18
4080 260
4124 366
4192 414
4218 308
4241 278
4278 58
4289 434
4329 8
4370 500
4382 70
4432 270
4442 308
4494 513
4571 150
4638 152
4653 94
4714 521
4797 317
4856 187
4864 112
4950 422
4965 66
5004 505
5010 143
5105 215
5125 330
5227 339
5236 345
5274 36
5387 228
5404 138
5442 75
5453 257
5507 15
5581 492
5592 384
5645 299
5722 191
5751 526
5791 229
5811 22
5813 174
5859 143
6029 159
6045 489
6098 368
6106 184
6180 234
6252 310
6277 360
6306 379
6327 138
6340 141
6379 430
6391 138
6402 355
6416 164
6600 308
6785 154
6889 484
6890 330
6894 200
6919 292
6928 31
6929 475
6964 395
6979 446
6980 307
7005 451
7080 387
7084 275
7085 221
7114 15
7143 170
7250 229
7267 294
7298 387
7299 54
7422 47
7427 451
7471 466
7478 274
7581 398
7783 411
7820 384
7907 67
7965 161
8007 420
8021 91
8026 128
8063 249
8128 82
8137 439
8148 85
8250 207
8286 146
8294 62
8303 499
8307 517
8339 443
8420 358
8457 93
8473 214
8499 267
8529 386
8533 1
8563 143
8572 195
8602 197
8616 487
8636 470
8645 309
8665 282
8670 203
8673 510
8684 404
8718 228
8722 519
8823 321
8851 345
8902 273
8910 526
8962 297
8992 55
9070 240
9097 396
9139 45
9197 32
9235 470
9258 373
9336 371
9361 231
9366 304
9388 31
9396 495
9446 481
9470 478
9567 99
9592 233
9605 173
9696 417
9699 293
9783 447
9821 263
9874 36
9883 316
9942 361
9943 481
9955 245
10101 238
10121 363
10139 455
10175 146
10177 35
10228 182
10248 326
10253 252
10260 8
10275 420
10304 36
10384 383
10428 338
10449 373
10481 357
10488 279
10493 305
10502 260
10525 430
10584 262
10670 259
10744 148
10748 516
10805 153
11027 46
11030 270
11036 502
11046 435
11082 344
11112 79
11128 374
11173 243
11186 474
11311 387
11361 384
11371 316
11381 40
11466 176
11468 338
11507 28
11559 376
11592 468
11636 424
11686 139
11710 132
11731 416
11862 51
11873 133
12106 110
12289 376
12399 117
12414 84
12428 102
12455 188
12527 64
12548 298
12620 514
12644 265
12705 90
12763 127
12784 97
12785 202
12798 150
12838 146
12865 331
13059 227
13135 161
13170 80
13197 46
13225 177
13234 485
13327 23
13418 189
13449 358
13479 167
13581 502
13608 504
13624 413
13635 514
13637 389
13674 29
13681 241
13698 402
13735 453
13811 64
13819 31
13820 53
13824 495
13848 344
13886 522
14027 287
14143 249
14170 149
14181 393
14193 168
14219 456
14237 345
14252 388
14273 493
14309 142
14311 419
14327 53
14418 228
14419 189
14422 349
14439 31
14448 156
14478 375
14512 416
14536 442
14540 498
14589 256
14625 16
14635 11
14771 432
14784 13
14822 327
14827 270
14829 88
14911 76
14982 117
14991 21
15020 387
15076 52
15105 113
15217 335
15223 340
15228 401
15273 182
15334 339
15341 40
15385 412
15432 418
15446 397
15576 89
15667 418
15686 53
15758 480
15830 311
15848 424
15969 0
16103 315
16108 383
16120 247
16148 484
16188 309
16223 221
16236 201
16286 21
16302 466
16414 72
16427 22
16572 100
16657 297
16666 128
16684 81
16695 176
16750 194
16752 14
16825 302
16942 250
16949 282
17039 236
17138 322
17164 138
17191 226
17211 408
17236 196
17369 186
17479 87
17515 161
17530 444
17571 38
17580 370
17584 27
17597 25
17626 231
17661 222
17748 264
17749 199
17806 280
17872 86
17886 149
17916 142
17956 250
17978 124
18039 398
18042 223
18112 154
18117 490
18133 213
18287 459
18361 296
18375 387
18377 174
18381 437
18460 486
18662 88
18671 280
18694 444
18776 42
18838 332
18844 112
18868 238
18884 205
18947 393
18965 353
19000 491
19135 172
19378 156
19401 435
19407 191
19475 171
19508 185
19565 218
19582 336
19609 79
19621 345
19639 384
19643 371
19648 477
19672 257
19706 24
19727 285
19745 221
19818 428
19829 525
19836 35
19851 394
19872 46
19879 411
19930 346
20036 524
20050 155
20101 221
20175 171
20199 176
20292 263
20348 234
20430 92
20443 361
20464 148
20544 258
20581 323
20678 365
20738 364
20759 229
20798 218
20853 484
20859 88
20960 519
20987 197
21002 208
21084 40
21157 393
21168 65
21190 355
21210 157
21217 5
21314 41
21362 363
21420 65
21425 207
21456 459
21471 358
21472 123
21515 280
21552 519
21657 253
21659 405
21669 166
21759 348
21946 158
22074 82
22088 459
22098 8
22130 3
22136 360
22156 358
22188 376
22205 313
22322 14
22327 292
22329 19
22332 435
22344 206
22395 488
22414 11
22500 284
22516 399
22575 185
22590 411
22617 2
22625 91
22657 471
22687 81
22760 296
22773 209
22807 178
22829 343
22836 368
22837 467
22876 224
22971 270
23106 128
23118 391
23154 310
23183 46
23219 371
23231 81
23267 419
23281 233
23298 312
23371 492
23478 145
23513 50
23661 332
23823 317
23825 469
23829 12
23834 202
23892 384
24039 152
24106 299
24311 40
24362 313
24444 16
24445 122
24484 463
24491 292
24497 396
24539 68
24558 334
24610 231
24639 446
24663 348
24673 120
24692 108
24721 408
24749 149
24776 56
24782 279
24788 204
24794 12
24826 374
24833 161
24851 163
24897 525
24898 67
24927 468
24962 97
24967 432
25001 172
25017 411
25021 448
25023 317
25149 116
25154 54
25191 151
25196 86
25439 161
25464 190
25502 84
25519 348
25532 465
25563 464
25565 353
25613 338
25892 21
25913 53
26001 256
26049 447
26098 440
26219 166
26224 41
26250 63
26269 501
26295 2
26299 443
26342 211
26393 113
26406 417
26492 517
26514 466
26591 520
26689 181
26736 402
26738 278
26788 193
26830 418
26905 406
26912 421
26923 97
27020 49
27095 164
27163 33
27199 322
27318 304
27319 440
27355 475
27424 270
27435 271
27447 156
27448 522
27491 365
27552 269
27577 508
27591 379
27597 117
27664 526
27694 333
27696 68
27707 6
27756 152
27831 161
27839 353
27907 231
27915 51
27968 120
27971 211
28073 460
28170 204
28242 118
28246 520
28269 486
28439 518
28471 25
28475 421
28477 431
28480 478
28485 149
28519 498
28570 402
28571 242
28770 69
28848 482
28907 160
28981 526
29002 438
29025 176
29093 226
29181 456
29212 363
29316 190
29376 439
29402 33
29423 228
29484 93
29509 129
29516 320
29520 45
29558 464
29577 241
29661 423
29674 171
29679 57
29735 14
29883 156
29933 475
29976 262
30029 77
30062 78
30096 183
30111 30
30146 261
30189 368
30223 148
30257 512
30310 242
30369 16
30430 481
30436 284
30549 60
30621 347
30648 83
30704 338
30755 475
30765 36
30775 147
30818 381
30935 190
30949 120
31063 146
31200 211
31202 525
31210 509
31215 382
31310 133
31343 299
31355 31
31407 12
31455 236
31559 487
31588 81
31597 94
31681 80
31712 98
31731 254
31756 183
31842 273
31858 38
31884 254
31948 207
32001 191
32132 4
32153 364
32154 65
32160 505
32162 346
32166 134
32238 524
32258 198
32265 415
32343 340
32348 393
32355 254
32423 342
32558 325
32559 370
32716 3
32765 212
32812 391
32842 441
32890 304
32917 430
32988 173
33054 127
33103 522
33104 298
33144 87
33158 421
33199 69
33222 323
33277 260
33292 384
33319 14
33324 104
33382 348
33383 248
33393 279
33406 37
33484 52
33498 298
33501 180
33506 383
33534 234
33564 81
33598 515
33656 171
33681 44
33683 513
33687 98
33694 464
33769 110
33786 45
33839 338
33845 315
33899 247
33906 439
33972 156
34004 168
34058 47
34083 167
34085 127
34126 285
34141 367
34169 231
34255 362
34270 385
34361 356
34429 335
34444 514
34454 32
34477 210
34567 136
34614 240
34648 231
34679 27
34735 324
34748 210
34754 327
34758 353
34760 517
34777 202
34827 135
34829 280
34919 200
34947 68
34970 502
35000 178
35009 119
35072 415
35115 180
35188 222
35313 71
35382 59
35438 484
35499 431
35592 75
35601 325
35621 138
35627 156
35668 345
35690 45
35727 504
35749 432
35757 115
35794 446
35826 237
35838 272
35873 48
35912 181
35933 86
36031 293
36049 280
36176 332
36221 134
36233 177
36278 189
36394 337
36455 404
36524 0
36542 353
36574 436
36686 40
36707 17
36755 401
36756 62
36859 505
36903 154
36930 334
37033 90
37121 105
37149 301
37181 240
37190 180
37200 18
37216 316
37264 477
37286 340
37450 445
37495 363
37532 381
37598 281
37644 254
37714 92
37719 395
37736 3
37856 451
37890 268
37904 416
37980 282
38049 103
38054 279
38058 298
38065 45
38086 449
38145 10
38179 308
38211 137
38213 200
38235 98
38240 413
38248 42
38288 406
38323 502
38356 234
38382 203
38423 329
38522 392
38530 48
38601 318
38716 320
38755 275
38763 93
38824 137
38856 115
38879 362
38919 405
38960 217
38977 315
39124 424
39127 190
39150 375
39163 100
39256 195
39284 165
39323 70
39395 433
39409 326
39412 457
39484 279
39516 443
39523 171
39549 308
39595 44
39627 258
39634 486
39744 466
39752 67
39814 300
39820 157
39906 411
39928 380
39964 390
39980 361
40017 95
40026 86
40045 257
40073 513
40080 312
40110 351
40167 240
40204 341
40246 386
40269 120
40354 387
40358 349
40365 440
40377 478
40384 501
40413 189
40420 358
40439 293
40446 468
40476 181
40502 34
40513 274
40551 471
40558 183
40574 214
40584 35
40613 471
40623 187
40630 74
40660 58
40702 471
40715 178
40727 441
40755 87
40773 449
40814 228
40894 471
41017 253
41079 69
41149 63
41179 32
41187 30
41312 222
41333 61
41366 500
41376 116
41450 268
41482 64
41498 36
41511 375
41613 493
41619 414
41689 52
41701 325
41711 51
41764 406
41770 488
41840 60
41857 128
41867 480
41875 242
41880 20
42018 365
42025 165
42082 236
42083 361
42102 91
42127 113
42139 390
42210 266
42282 301
42294 525
42321 55
42325 445
42342 181
42398 286
42463 469
42498 407
42533 392
42536 184
42544 61
42545 304
42558 267
42620 297
42631 329
42633 46
42641 183
42644 366
42668 103
42699 424
42730 157
42747 182
42755 491
42760 409
42805 109
42810 458
42825 85
42848 324
42892 126
42899 483
42979 132
42981 315
42984 399
42986 151
43000 452
43070 315
43079 91
43141 74
43154 298
43222 264
43269 363
43338 450
43343 232
43372 199
43410 233
43421 459
43444 162
43469 283
43471 276
43540 192
43559 344
43692 311
43762 397
43814 63
43829 289
43867 8
43877 235
43958 198
44045 208
44101 267
44173 526
44192 151
44206 447
44275 197
44293 342
44346 398
44360 371
44377 68
44401 41
44412 412
44451 459
44514 457
44529 352
44540 108
44542 526
44591 475
44919 48
44927 162
45039 8
45084 165
45127 222
45129 511
45134 219
45138 309
45165 185
45183 65
45193 87
45388 286
45460 125
45515 474
45525 243
45589 124
45621 523
45652 260
45662 426
45706 341
45790 339
45849 156
45903 191
45965 51
46017 483
46032 473
46128 456
46181 77
46219 334
46238 40
46261 327
46300 226
46307 66
46330 206
46439 59
46440 428
46496 430
46500 265
46507 475
46543 479
46611 487
46677 384
46739 286
46822 213
46829 136
46855 324
46939 59
46940 23
46950 255
46973 91
47009 251
47183 188
47196 51
47275 249
47589 244
47608 431
47627 101
47658 94
47711 223
47746 481
47791 34
47821 296
47828 303
47865 219
47867 24
47902 347
47931 304
47999 355
48082 152
48126 180
48170 260
48222 456
48223 479
48259 245
48286 271
48292 295
48293 374
48346 327
48361 82
48406 191
48461 179
48548 171
48565 371
48575 524
48620 303
48664 89
48678 281
48687 114
48692 356
48741 344
48810 143
48857 281
48872 449
48879 0
48888 482
48904 54
48915 367
48981 127
49088 423
49187 267
49212 45
49279 3
49293 15
49299 513
49352 419
49416 6
49443 175
49510 98
49518 429
49538 56
49544 266
49561 450
49576 310
49637 62
49665 154
49700 312
49704 315
49792 71
49846 456
49929 283
49972 468
49973 526
50070 447
50078 55
50121 309
50130 432
50133 294
50178 215
50184 243
50213 344
50269 62
50280 455
50330 72
50354 2
50437 525
50481 404
50482 352
50527 463
50603 413
50634 231
50858 191
50888 292
50889 496
50937 265
50962 188
50974 309
51011 64
51025 391
51030 401
51085 0
51141 219
51199 416
51202 236
51246 494
51256 111
51274 120
51308 480
51369 323
51445 257
51450 170
51524 198
51620 237
51647 113
51655 328
51807 496
51846 388
51863 206
51892 233
51965 102
51984 37
52004 400
52018 516
52062 45
52098 276
52132 375
52207 221
52210 399
52292 310
52435 34
52444 500
52516 362
52534 119
52543 427
52545 215
52553 73
52620 501
52643 419
52681 277
52700 77
52704 54
52905 275
52913 395
52933 412
52984 242
53208 355
53233 438
53250 440
53252 303
53293 67
53462 442
53474 422
53536 372
53572 217
53582 520
53614 176
53617 291
53694 150
53708 132
53710 15
53759 34
53807 94
53898 34
54025 338
54068 45
54107 263
54124 225
54137 30
54138 371
54151 6
54163 329
54167 431
54193 205
54198 386
54222 80
54245 276
54322 329
54344 485
54384 201
54417 159
54442 100
54507 433
54545 50
54629 338
54693 90
54735 34
54798 400
54884 147
54890 4
54927 84
54951 71
54954 294
55065 380
55179 263
55180 216
55226 436
55236 162
55338 59
55459 381
55472 320
55534 43
55552 354
55570 273
55615 197
55620 444
55691 140
55769 481
55838 420
55878 404
55892 348
55899 520
55925 217
55939 277
55950 71
56016 451
56119 472
56129 315
56140 392
56153 333
56236 64
56261 74
56420 199
56556 410
56609 40
56654 482
56656 86
56671 190
56705 451
56742 375
56786 245
56826 297
56872 124
56941 229
56970 240
56984 336
57085 237
57123 158
57144 210
57159 81
57184 522
57186 284
57192 210
57284 386
57295 269
57318 487
57468 44
57494 351
57509 165
57513 440
57571 216
57596 364
57675 50
57865 147
57892 161
57914 511
57928 265
57956 238
58049 217
58057 83
58159 332
58162 474
58212 302
58245 19
58332 352
58414 346
58417 183
58434 497
58457 179
58467 494
58508 347
58603 497
58610 220
58630 35
58700 306
58710 396
58719 163
58761 490
58847 116
58983 406
59071 442
59093 512
59101 409
59200 333
59204 74
59237 402
59301 252
59350 507
59441 55
59442 383
59488 135
59514 474
59547 70
59618 237
59635 420
59645 129
59685 342
59694 436
59716 70
59740 287
59752 17
59766 39
59794 9
59795 215
59800 36
59805 426
59820 325
59869 470
59924 285
59940 55
59956 297
59973 516
59982 300
60047 338
60095 142
60103 515
60117 262
60119 429
60147 49
60157 335
60164 190
60187 257
60339 81
60358 384
60405 380
60476 19
60489 98
60516 398
60585 75
60609 49
60625 231
60645 437
60672 110
60688 309
60710 516
60765 419
60787 126
60846 305
60884 264
60896 180
60912 165
60951 275
60966 69
60979 80
60991 389
61002 320
61009 339
61031 353
61107 411
61118 152
61175 4
61178 97
61189 451
61246 457
61263 22
61272 365
61289 443
61298 360
61442 261
61514 131
61524 45
61601 217
61653 154
61656 307
61659 179
61740 438
61757 503
61793 427
61854 245
61861 434
61906 455
61913 274
61916 455
61943 304
61991 390
62057 415
62093 117
62122 469
62136 52
62267 341
62409 419
62635 488
62702 313
62755 314
62757 478
62778 389
62836 317
62847 448
62872 396
62894 89
62921 126
63048 48
63072 251
63230 405
63264 497
63285 289
63338 217
63363 291
63372 79
63374 63
63407 424
63495 92
63497 391
63538 430
63545 428
63559 217
63618 211
63701 130
63720 339
63789 172
63791 197
63793 250
63868 326
63894 32
63952 289
63960 180
63977 39
64006 222
64074 83
64084 521
64227 288
64247 391
64366 145
64558 174
64659 430
64701 518
64709 381
64733 21
64749 495
64753 59
64779 150
64803 446
64820 512
64832 93
64837 266
64844 54
64846 299
64921 1
64995 441
65011 403
65053 523
65108 446
65158 109
65244 32
65250 521
65257 335
65269 331
65295 334
65331 396
65397 385
65408 516
65479 164
65510 358
65525 206
65554 343
65560 92
65601 478
65619 60
65714 223
65726 472
65762 473
65769 119
65788 425
65858 71
65896 294
65915 315
65934 371
65940 38
65971 312
66015 368
66073 168
66110 415
66155 380
66202 56
66364 313
66412 464
66470 491
66482 301
66539 210
66547 167
66609 417
66658 262
66769 412
66798 252
66816 102
66823 75
66851 412
66959 103
66987 332
67001 256
67011 4
67029 522
67142 333
67175 369
67176 398
67245 288
67297 169
67323 270
67396 508
67484 18
67490 289
67593 509
67647 226
67683 24
67782 433
67784 150
67851 525
67950 198
67997 500
68002 378
68061 358
68084 49
68091 506
68201 69
68277 512
68289 466
68318 104
68394 139
68433 238
68447 286
68459 193
68529 46
68547 393
68572 33
68619 315
68679 246
68692 121
68725 234
68733 263
68767 23
68792 447
68898 522
68899 413
68910 354
68920 299
68929 268
69038 23
69074 158
69136 33
69154 255
69197 77
69319 495
69338 272
69357 300
69488 324
69514 427
69545 252
69623 173
69676 280
69709 159
69764 39
69774 417
69818 284
69852 388
69946 35
69966 28
69982 227
70012 382
70044 362
70082 22
70109 85
70138 188
70165 134
70253 29
70285 336
70290 420
70312 423
70328 6
70359 128
70362 496
70376 54
70389 384
70430 4
70482 103
70529 183
70539 103
70567 400
70599 1
70622 30
70656 43
70664 196
70692 523
70741 277
70771 503
70808 251
70819 374
70875 516
70892 404
70941 289
70965 31
71027 347
71060 288
71069 302
71102 347
71141 73
71195 432
71223 133
71290 118
71350 184
71357 204
71427 227
71431 308
71452 237
71469 65
71798 430
71806 415
71831 397
71847 363
71862 474
71879 505
71880 47
71940 291
71956 313
72016 65
72132 504
72160 407
72179 322
72196 421
72198 375
72300 32
72330 56
72405 2
72484 98
72531 100
72534 23
72540 66
72545 490
72590 252
72619 241
72656 249
72677 62
72688 422
72740 319
72776 417
72791 276
72868 446
72907 371
72983 259
73071 289
73116 515
73152 438
73156 384
73213 413
73222 153
73233 429
73290 345
73397 4
73421 348
73459 31
73483 491
73518 162
73578 113
73618 373
73712 96
73731 465
73790 117
73966 266
74140 407
74190 146
74220 21
74264 243
74266 68
74271 350
74279 304
74315 407
74402 199
74578 475
74625 425
74633 45
74679 511
74693 357
74718 156
74741 101
74775 245
74826 325
74831 96
74875 140
74889 175
74913 466
75020 120
75079 164
75088 355
75103 480
75129 273
75390 91
75416 162
75492 509
75529 159
75535 95
75593 463
75657 477
75659 246
75666 195
75730 330
75741 386
75818 15
75819 38
75867 194
76033 98
76120 518
76137 199
76150 111
76166 473
76194 265
76197 149
76216 463
76224 235
76240 190
76308 77
76489 38
76573 445
76577 487
76676 424
76689 475
76880 96
76966 185
76998 93
77031 477
77034 40
77055 81
77072 418
77073 289
77084 199
77180 31
77209 474
77214 214
77268 123
77284 349
77285 329
77318 16
77384 237
77403 194
77442 498
77454 369
77500 451
77519 252
77607 491
77657 141
77731 411
77794 391
77891 106
77917 77
77947 80
77955 84
78005 114
78142 88
78178 177
78241 287
78278 262
78311 156
78328 500
78387 128
78472 261
78500 381
78512 162
78537 99
78565 504
78581 23
78585 274
78594 436
78647 90
78875 177
78903 417
78988 62
79001 236
79022 339
79042 100
79129 147
79175 211
79305 374
79330 78
79340 225
79366 139
79396 2
79421 193
79475 337
79493 41
79499 82
79629 140
79652 217
79697 48
79763 459
79920 47
79952 201
79955 274
79958 298
80002 165
80217 80
80251 281
80257 25
80349 474
80395 139
80549 440
80570 495
80574 457
80591 413
80718 86
80760 495
80771 113
80786 184
80839 219
80938 213
80990 480
81022 163
81045 377
81062 182
81100 24
81137 313
81222 16
81252 519
81343 468
81401 451
81403 225
81466 161
81507 62
81549 199
81579 301
81640 139
81666 180
81700 490
81702 492
81714 354
81874 467
81886 455
81986 423
82062 431
82109 327
82154 392
82155 249
82157 363
82192 373
82194 66
82207 448
82226 403
82234 510
82281 132
82374 511
82477 466
82555 101
82610 410
82836 316
82872 363
82882 143
82904 141
82958 255
83085 177
83093 14
83117 249
83201 450
83211 38
83280 491
83295 382
83389 131
83426 402
83449 190
83480 230
83612 73
83617 97
83638 295
83662 82
83663 217
83690 126
83713 503
83762 168
83828 501
83847 334
83933 377
83950 416
84083 512
84115 214
84131 51
84205 156
84215 511
84241 341
84271 493
84336 304
84353 156
84421 416
84432 280
84436 32
84462 265
84509 194
84518 30
84524 97
84525 375
84560 191
84626 229
84669 24
84689 75
84736 494
84739 261
84768 226
84830 176
84840 23
84920 175
84924 184
84996 423
85046 29
85124 462
85134 469
85169 437
85180 210
85192 482
85215 353
85217 73
85254 74
85294 67
85327 226
85351 417
85376 173
85381 306
85426 506
85445 209
85456 144
85467 72
85547 45
85566 139
85583 162
85632 12
85650 448
85690 267
85716 400
85719 482
85729 459
85748 291
85995 511
86005 505
86022 332
86171 317
86265 122
86318 406
86333 69
86334 353
86357 393
86404 425
86440 172
86455 43
86458 208
86730 163
86742 204
86821 140
86838 51
86848 377
86899 106
86914 333
86936 31
86956 397
86964 231
86986 332
86994 62
87017 412
87040 398
87120 280
87126 455
87199 221
87210 372
87256 322
87321 480
87336 280
87340 341
87347 289
87396 299
87410 473
87462 279
87470 445
87610 513
87623 382
87696 433
87780 370
87823 156
87947 196
88113 299
88120 472
88211 373
88242 459
88275 133
88298 456
88304 235
88340 360
88380 232
88422 323
88474 200
88498 291
88509 82
88518 292
88522 311
88553 358
88611 230
88645 250
88668 65
88685 6
88703 415
88787 279
88797 248
88806 461
88903 457
88929 339
88940 496
88948 266
88952 220
88954 110
88990 469
89050 20
89075 133
89101 312
89137 263
89278 205
89297 264
89336 448
89386 265
89443 307
89643 215
89714 493
89751 178
89752 13
89772 129
89773 1
89778 427
89779 318
89781 279
89789 351
89790 89
89792 215
89836 360
89848 204
89856 12
89997 95
90019 423
90023 21
90029 80
90031 285
90051 53
90082 280
90180 308
90185 515
90189 176
90230 77
90258 370
90290 92
90309 431
90342 302
90415 281
90471 145
90487 459
90502 253
90521 12
90542 256
90575 502
90595 80
90598 199
90610 225
90631 491
90682 514
90686 59
90749 354
90795 335
90804 232
90901 287
90916 121
90917 178
90955 25
91011 52
91049 375
91076 405
91141 463
91142 122
91235 241
91242 331
91264 143
91318 120
91433 225
91513 79
91594 409
91641 96
91692 274
91730 406
91743 380
91762 523
91772 82
91836 53
91844 15
91886 102
91926 46
91951 197
91966 216
92030 95
92063 354
92190 136
92267 509
92424 198
92459 395
92501 163
92506 342
92536 154
92559 334
92585 252
92625 75
92669 143
92679 73
92720 289
92751 236
92803 59
92808 363
92826 514
92868 185
92885 128
92889 4
92921 126
92963 45
92993 56
93043 12
93078 189
93085 136
93124 210
93144 146
93262 500
93313 357
93315 446
93333 228
93402 12
93463 92
93475 468
93483 432
93488 443
93583 349
93701 330
93747 281
93919 450
93981 325
93992 100
94082 107
94088 327
94173 106
94198 132
94238 154
94250 221
94275 285
94289 344
94307 231
94334 142
94338 233
94429 416
94580 466
94621 405
94648 473
94778 209
94782 53
94949 160
94975 124
95087 412
95115 190
95126 27
95170 477
95191 57
95211 361
95220 444
95255 0
95323 247
95364 311
95508 287
95540 195
95581 345
95600 333
95728 463
95808 474
95851 199
95863 481
95885 491
95953 444
95954 115
95984 133
95986 59
95997 464
96032 474
96057 293
96080 13
96184 48
96229 166
96280 337
96288 312
96319 451
96460 422
96518 210
96570 310
96581 409
96647 407
96648 458
96735 150
96790 248
96798 118
96799 332
96810 502
96861 490
96873 236
96906 245
96907 58
96922 6
97018 49
97039 340
97084 346
97105 259
97127 238
97145 167
97198 60
97259 486
97275 429
97307 312
97365 146
97394 20
97445 49
97473 405
97482 436
97542 60
97643 102
97700 318
97776 96
97780 148
97820 241
97856 195
97890 203
97903 481
97911 447
97939 510
97944 15
98020 64
98048 328
98063 179
98083 232
98095 316
98104 455
98128 202
98256 386
98277 175
98296 522
98346 361
98440 484
98470 216
98557 348
98580 472
98609 296
98630 73
98718 396
98749 174
98755 281
98839 315
98939 441
98955 494
98966 350
98981 129
99000 7
99006 159
99037 296
99045 111
99048 383
99081 263
99161 240
99172 217
99233 139
99265 168
99271 83
99281 516
99307 92
99317 81
99345 253
99375 273
99414 443
99416 102
99417 147
99425 64
99482 327
99565 114
99647 151
99652 446
99667 147
99700 136
99727 389
99754 342
99765 513
99773 402
99810 16
99881 422
99883 59
100117 98
100122 400
100187 525
100338 358
100351 517
100418 70
100432 50
100437 458
100454 333
100491 447
100504 449
100573 249
100611 226
100639 237
100649 299
100682 120
100738 361
100914 296
100959 508
100970 510
101087 31
101091 133
101097 126
101102 269
101184 386
101201 82
101236 97
101275 107
101313 71
101355 445
101403 114
101406 242
101499 33
101534 14
101546 292
101693 171
101735 120
101761 471
101778 524
101836 44
101853 487
101897 285
101929 460
101935 363
101965 1
101985 393
101988 449
102029 73
102112 123
102119 74
102181 246
102204 195
102324 178
102375 498
102379 425
102393 16
102419 444
102454 186
102713 145
102798 0
102842 330
102845 275
102857 113
102877 269
102896 284
102910 276
102964 472
103089 44
103127 475
103135 224
103144 117
103238 25
103304 136
103305 46
103311 24
103367 405
103372 148
103373 179
103418 293
103469 116
103547 130
103557 317
103563 97
103609 402
103612 463
103620 153
103624 50
103640 481
103657 203
103684 227
103740 139
103772 21
103786 472
103837 458
103875 496
103926 457
103933 174
103950 9
104009 231
104100 509
104152 0
104154 37
104252 219
104276 483
104373 468
104418 93
104441 378
104467 179
104490 188
104617 200
104620 435
104651 219
104723 476
104745 323
104761 175
104795 39
104811 337
104817 130
104819 317
104826 511
104853 443
104859 492
104891 336
104903 525
105124 123
105143 43
105145 489
105172 473
105243 491
105271 92
105283 47
105294 315
105346 208
105421 415
105686 6
105743 258
105819 478
105841 217
105872 369
105893 285
106002 415
106041 524
106091 64
106180 289
106182 213
106233 169
106260 513
106361 119
106379 404
106397 411
106456 452
106496 360
106509 24
106519 519
106543 407
106644 128
106664 482
106794 273
106860 269
106894 113
106904 472
106953 110
107020 493
107054 308
107176 500
107194 384
107260 526
107281 49
107282 339
107285 264
107306 0
107360 428
107459 373
107475 382
107484 478
107596 239
107661 342
107704 328
107739 128
107748 284
107756 302
107768 1
107802 359
107806 326
107821 93
107826 391
107833 458
107865 49
107899 468
107967 420
108030 400
108041 317
108062 482
108072 526
108078 228
108108 185
108174 187
108208 258
108232 105
108300 332
108315 295
108381 100
108385 476
108443 2
108494 298
108558 254
108626 213
108715 386
108754 470
108842 34
108864 128
108866 127
108902 343
108954 28
109030 289
109076 91
109080 260
109098 119
109118 70
109128 64
109176 17
109213 272
109236 263
109247 37
109266 75
109271 435
109290 110
109292 520
109371 421
109372 375
109389 383
109475 242
109485 131
109531 327
109550 483
109604 43
109724 184
109760 205
109835 448
109859 127
110062 315
110064 200
110130 70
110148 353
110256 216
110275 149
110280 142
110334 190
110363 225
110526 476
110542 383
110714 155
110717 309
110763 487
110786 77
110793 228
110847 124
110914 292
110932 95
110942 160
110977 321
111012 385
111096 173
111099 210
111155 39
111169 53
111233 152
111253 463
111337 43
111402 166
111412 512
111467 514
111476 296
111506 305
111560 399
111645 178
111663 247
111665 129
111729 84
111770 293
111780 500
111823 20
111833 30
111933 61
111939 381
111961 195
112008 97
112025 477
112080 463
112106 259
112146 194
112217 2
112289 474
112300 336
112302 473
112310 156
112385 451
112401 45
112499 135
112508 29
112664 336
112686 356
112755 407
112789 300
112831 35
112833 153
112855 471
112869 144
112932 288
113030 451
113053 58
113059 154
113196 258
113215 465
113270 307
113381 383
113391 192
113411 23
113416 520
113454 417
113456 358
113459 258
113493 199
113551 195
113655 358
113665 196
113727 200
113770 399
113852 23
113892 326
113931 304
113948 447
114062 396
114152 42
114205 269
114287 418
114295 504
114308 404
114324 26
114329 138
114381 192
114421 273
114475 158
114487 326
114503 483
114513 512
114540 308
114608 231
114624 377
114653 40
114663 207
114744 221
114761 80
114769 361
114778 172
114897 491
114944 308
114968 231
115054 383
115056 121
115097 157
115105 73
115191 12
115225 116
115278 51
115292 510
115319 87
115338 443
115353 304
115383 276
115477 252
115501 315
115503 478
115504 500
115544 51
115551 147
115571 200
115592 147
115612 526
115639 75
115643 420
115647 310
115780 264
115802 150
115805 505
115871 519
115894 139
115929 264
115936 327
115959 425
116009 332
116012 59
116040 206
116061 267
116150 294
116187 364
116231 102
116273 91
116312 495
116323 309
116378 125
116446 277
116454 233
116605 524
116612 320
116615 144
116653 311
116697 17
116701 295
116736 370
116747 138
116838 478
116860 276
116935 363
116939 315
117043 71
117081 394
117124 422
117132 337
117195 185
117206 463
117245 456
117270 155
117362 299
117439 259
117451 56
117507 89
117515 366
117594 463
117659 242
117724 497
117727 292
117764 461
117818 130
117862 52
117889 289
117940 191
117952 309
118035 398
118113 517
118141 15
118373 369
118424 453
118458 281
118473 204
118499 208
118614 45
118626 364
118642 496
118704 437
118731 271
118739 270
118769 240
118773 217
118782 505
118802 380
118979 206
119000 376
119011 2
119022 301
119041 382
119177 177
119243 125
119244 75
119251 430
119396 354
119412 87
119420 457
119458 150
119471 438
119482 355
119514 122
119516 514
119632 168
119787 101
119875 196
119974 452
120023 383
120027 388
120109 145
120141 445
120260 467
120265 397
120305 221
120306 245
120349 374
120439 410
120642 443
120646 513
120647 520
120663 502
120737 28
120782 496
120844 291
120853 181
120873 89
120883 217
120897 520
120898 382
120926 205
120978 278
120991 269
121020 67
121057 261
121064 314
121137 61
121160 472
121223 203
121269 185
121306 17
121361 408
121373 86
121376 133
121385 423
121397 379
121405 4
121416 253
121445 407
121482 69
121494 407
121546 59
121634 90
121680 294
121727 20
121734 385
121796 495
122038 503
122049 87
122118 277
122204 9
122234 71
122261 29
122356 56
122364 94
122449 482
122462 406
122465 158
122489 341
122761 262
122828 385
122841 396
122893 129
122952 516
122973 313
123001 157
123038 21
123060 58
123064 181
123073 149
123102 52
123110 428
123191 152
123195 173
123305 59
123375 395
123449 61
123476 302
123494 144
123526 408
123607 30
123610 253
123614 266
123649 102
123724 426
123750 196
123845 358
123853 410
123991 158
123995 477
124016 491
124058 137
124060 83
124131 217
124153 203
124161 158
124184 136
124244 286
124302 196
124355 324
124363 114
124540 48
124630 92
124711 456
124736 514
124795 469
124890 225
124896 505
124931 519
124949 10
124967 293
124982 430
125049 54
125066 306
125091 51
125099 347
125114 97
125169 111
125186 326
125189 441
125225 447
125277 265
125289 463
125313 454
125393 438
125478 124
125497 107
125499 108
125513 217
125575 412
125603 519
125626 434
125633 101
125634 281
125700 59
125718 214
125847 51
125943 124
126096 196
126100 444
126109 517
126112 314
126120 70
126184 258
126215 311
126227 29
126261 377
126346 395
126441 483
126454 379
126455 344
126460 521
126515 19
126525 385
126546 171
126580 324
126594 344
126603 259
126665 7
126831 176
126868 136
126887 97
127033 143
127142 465
127150 115
127186 114
127268 384
127277 330
127335 227
127352 94
127408 490
127471 35
127506 3
127538 196
127569 373
127608 423
127612 427
127672 195
127727 348
127759 509
127771 408
127844 523
128005 245
128062 218
128131 495
128138 397
128191 126
128207 390
128271 376
128328 181
128349 205
128355 274
128364 487
128453 500
128488 237
128587 447
128597 398
128671 110
128681 318
128720 24
128751 420
128815 147
128816 74
128888 451
128949 96
128962 91
128978 422
128996 134
129043 171
129116 76
129127 364
129145 525
129175 306
129184 73
129193 140
129239 2
129241 508
129242 110
129416 464
129418 406
129420 182
129535 208
129541 169
129583 442
129624 259
129790 467
129798 187
129884 378
129994 55
130072 75
130090 286
130096 231
130124 99
130165 262
130167 377
130179 70
130181 112
130211 110
130241 94
130243 95
130287 18
130289 451
130308 502
130342 173
130344 228
130369 226
130522 325
130603 257
130668 273
130838 462
130848 134
130862 246
130893 268
130944 295
130952 208
130988 132
130999 519
131008 435
131023 138
131035 414
131082 125
131102 296
131153 111
131156 376
131159 168
131296 53
131334 230
131375 67
131398 193
131444 328
131501 149
131584 6
131596 42
131669 307
131685 52
131703 19
131719 408
131755 34
131926 360
131986 39
132041 93
132079 97
132148 395
132187 99
132210 130
132329 379
132334 507
132518 107
132582 302
132613 474
132729 308
132739 379
132747 160
132795 459
132798 412
132881 438
133009 262
133069 130
133109 511
133155 467
133255 214
133340 209
133349 359
133491 401
133526 483
133543 433
133583 282
133588 180
133608 110
133613 149
133614 44
133674 30
133754 15
133801 440
133851 307
133907 65
133943 335
133972 426
133987 259
134020 475
134041 484
134092 24
134116 448
134135 454
134137 271
134143 54
134179 488
134186 245
134311 452
134325 354
134348 30
134411 18
134458 167
134532 8
134598 219
134698 115
134714 339
134726 416
134753 346
134795 294
134802 421
134845 407
134896 434
134906 359
134951 285
134968 65
135004 80
135010 156
135035 2
135049 147
135070 121
135097 398
135180 404
135211 196
135233 105
135339 314
135621 313
135639 382
135660 320
135680 53
135686 402
135696 395
135795 203
135796 206
135813 350
135879 311
135886 299
135911 491
135915 441
135932 166
135990 502
136005 191
136020 20
136080 489
136103 465
136106 111
136110 436
136115 260
136198 270
136284 123
136291 367
136360 182
136372 153
136385 199
136390 334
136437 473
136472 4
136484 479
136485 22
136558 261
136661 484
136710 17
136765 440
136794 328
136811 216
136889 278
136893 359
136975 196
137119 80
137174 53
137235 235
137253 239
137265 151
137293 160
137298 526
137308 24
137357 137
137420 285
137482 220
137570 105
137582 220
137596 505
137609 359
137717 234
137739 18
137749 464
137750 321
137766 156
137856 442
137892 12
137965 437
137967 287
137970 455
137973 463
137986 515
137989 295
138009 205
138038 364
138040 239
138045 266
138071 195
138090 276
138245 380
138314 461
138346 223
138437 210
138448 510
138564 181
138635 17
138645 61
138659 357
138680 366
138688 52
138746 343
138756 143
138762 320
138804 351
138839 200
138865 244
138977 481
138995 179
139002 175
139015 270
139022 168
139075 149
139091 23
139222 390
139275 84
139348 267
139415 41
139475 503
139521 230
139560 143
139628 60
139681 399
139682 52
139686 103
139708 202
139757 315
139805 235
139890 18
139916 445
139975 121
140013 388
140081 366
140110 409
140129 503
140149 345
140208 271
140227 279
140258 258
140297 389
140399 7
140422 274
140472 471
140492 397
140511 131
140541 324
140552 78
140569 41
140643 458
140720 120
140790 134
140875 315
140933 144
140938 165
140995 400
140997 362
141056 264
141065 260
141085 323
141096 411
141175 208
141180 489
141235 104
141294 326
141296 1
141319 162
141405 23
141408 83
141415 207
141517 493
141540 321
141589 500
141657 108
141673 227
141697 66
141711 123
141740 219
141747 142
141785 495
141872 352
141986 176
142137 436
142156 29
142330 292
142353 480
142379 473
142408 106
142483 179
142503 102
142562 454
142577 35
142581 443
142607 138
142611 52
142620 0
142678 76
142694 392
142838 376
142902 506
142914 133
142996 399
143002 207
143131 526
143183 194
143191 266
143201 271
143235 173
143252 30
143287 247
143293 418
143318 487
143429 424
143473 480
143502 248
143584 414
143635 392
143666 460
143671 266
143753 458
143836 36
143854 56
143889 500
143911 495
143912 215
143919 433
144003 46
144060 360
144116 354
144125 120
144156 521
144277 152
144307 435
144329 21
144377 156
144475 405
144519 11
144536 328
144560 155
144599 256
144647 418
144661 307
144747 37
144759 338
144813 247
144894 152
144918 433
144952 523
144993 4
144994 185
145008 500
145013 516
145155 250
145191 227
145249 122
145349 249
145350 119
145352 480
145366 170
145398 22
145460 223
145476 132
145487 480
145498 472
145599 145
145610 119
145620 195
145629 104
145703 426
145742 324
145743 288
145746 36
145805 75
145964 38
145989 282
145993 137
146121 235
146149 109
146166 397
146170 147
146171 186
146199 135
146250 375
146274 300
146303 44
146311 296
146350 143
146390 213
146411 323
146437 465
146443 312
146449 57
146450 344
146465 211
146486 221
146531 232
146590 99
146637 262
146729 80
146731 221
146741 132
146904 457
146933 324
146945 495
146955 395
147024 199
147040 510
147066 203
147104 424
147165 16
147175 246
147200 526
147242 89
147269 292
147284 298
147434 294
147502 505
147524 180
147558 368
147571 424
147594 56
147602 419
147605 354
147612 367
147637 509
147689 370
147711 105
147759 47
147777 106
147818 364
147876 328
147887 308
147921 356
148025 83
148043 110
148175 434
148190 78
148228 205
148296 422
148299 157
148357 429
148366 7
148415 154
148434 478
148545 39
148590 295
148605 137
148611 0
148619 158
148637 209
148649 105
148699 217
148767 55
148777 327
148785 281
148804 3
148834 312
148845 466
148865 80
148934 253
149004 202
149069 46
149098 425
149110 437
149118 355
149121 202
149140 267
149149 260
149203 435
149249 146
149258 364
149325 425
149374 31
149421 62
149430 271
149466 21
149558 214
149563 225
149572 214
149583 208
149586 185
149646 247
149724 518
149856 317
149922 341
150007 14
150023 367
150094 27
150150 277
150157 511
150158 406
150272 93
150278 195
150297 287
150336 415
150375 515
150408 51
150480 291
150482 231
150500 373
150515 205
150517 9
150527 53
150586 396
150598 392
150661 23
150717 389
150727 471
150731 324
150754 387
150774 36
150824 512
150831 290
150860 119
151047 468
151157 164
151170 519
151185 265
151188 54
151199 190
151274 26
151294 317
151356 332
151383 473
151394 494
151434 341
151451 327
151458 473
151464 210
151552 17
151568 106
151582 169
151612 429
151633 333
151635 406
151661 64
151668 43
151765 426
151799 28
151828 233
151876 276
151938 170
151985 364
152010 51
152044 264
152066 412
152133 398
152147 331
152154 497
152202 494
152224 433
152228 267
152280 487
152283 286
152438 319
152611 359
152616 410
152686 247
152711 487
152713 513
152730 438
152792 61
152798 219
152811 47
152815 117
152843 494
152859 11
152903 139
152907 113
152918 376
152927 488
153001 516
153108 354
153131 213
153167 263
153186 505
153202 89
153205 251
153240 189
153273 370
153307 42
153347 485
153351 164
153359 112
153389 227
153493 384
153510 406
153559 153
153582 85
153629 23
153672 40
153883 129
153886 248
153957 229
153958 281
153963 92
154073 117
154099 65
154121 9
154153 191
154208 481
154213 242
154222 305
154260 474
154299 149
154452 330
154465 118
154513 395
154515 73
154577 312
154583 479
154641 50
154646 135
154655 299
154667 407
154773 12
154819 34
154845 469
154886 54
154948 142
154967 405
155057 350
155269 316
155290 27
155344 107
155385 473
155389 217
155592 129
155636 112
155703 498
155873 392
156012 354
156078 238
156111 241
156143 187
156195 496
156200 329
156237 63
156247 11
156254 510
156264 431
156344 179
156354 454
156389 476
156392 211
156467 31
156473 432
156525 505
156537 156
156558 436
156600 76
156658 409
156717 198
156808 526
156828 37
156965 328
157052 440
157185 63
157232 290
157291 502
157374 438
157378 366
157411 30
157547 453
157572 418
157600 327
157633 152
157652 495
157660 206
157676 136
157693 506
157699 102
157802 141
157891 251
157904 350
157926 88
157953 279
158032 32
158067 437
158169 33
158208 230
158254 98
158305 40
158310 481
158335 244
158342 435
158364 168
158381 310
158479 436
158564 305
158575 25
158578 414
158674 72
158692 390
158694 231
158712 262
158717 291
158727 104
158772 73
158815 76
158829 260
158862 332
158891 485
158900 227
158955 52
158961 45
159024 32
159034 88
159098 151
159135 87
159196 384
159246 5
159351 209
159357 313
159388 243
159391 59
159394 319
159395 163
159396 412
159417 24
159479 295
159484 307
159522 189
159577 223
159618 188
159653 227
159656 162
159679 8
159728 312
159765 131
159767 369
159785 77
159799 209
159823 180
159830 457
159849 511
159871 275
159903 27
159988 160
160013 278
160056 34
160185 395
160203 212
160261 43
160496 199
160512 27
160515 367
160523 202
160526 345
160577 144
160606 61
160617 502
160657 421
160686 54
160712 26
160770 289
160799 487
160820 150
160841 350
160857 244
160911 19
160954 67
160959 167
161036 214
161109 512
161151 419
161188 237
161252 70
161284 150
161292 170
161363 104
161436 399
161474 67
161532 14
161594 55
161621 281
161627 81
161670 144
161695 272
161740 165
161766 175
161770 53
161831 481
161841 178
161849 222
161892 17
161930 264
161992 122
162031 293
162043 222
162086 395
162211 425
162305 326
162308 198
162313 401
162360 330
162364 422
162416 463
162466 509
162475 481
162494 462
162611 4
162630 389
162641 5
162655 264
162677 505
162688 205
162746 83
162821 282
162827 321
162837 407
162885 15
162912 308
162966 246
163030 347
163107 358
163144 456
163146 181
163150 37
163190 321
163218 315
163297 470
163315 11
163407 111
163439 24
163507 414
163575 277
163642 169
163646 295
163708 481
163717 340
163752 434
163780 344
163787 327
163838 426
163848 120
163868 49
163873 406
163877 11
164041 355
164043 424
164067 467
164083 145
164092 234
164164 525
164181 29
164222 501
164306 82
164343 25
164403 174
164481 4
164513 140
164517 358
164518 115
164566 11
164655 406
164725 187
164768 84
164807 457
164844 246
164924 506
164953 268
165050 212
165093 273
165117 233
165192 163
165215 215
165249 291
165252 323
165311 417
165351 351
165384 243
165394 327
165436 48
165446 64
165571 99
165612 245
165616 24
165621 326
165648 302
165673 425
165756 202
165790 509
166021 184
166077 333
166092 49
166093 288
166143 366
166183 496
166250 314
166255 242
166257 122
166285 101
166361 2
166419 169
166486 416
166494 103
166512 86
166520 379
166622 435
166675 130
166776 410
166839 335
166864 228
166898 152
166899 374
166954 48
167067 135
167080 418
167092 27
167096 39
167169 164
167181 111
167206 245
167313 210
167326 352
167367 111
167390 232
167465 485
167548 225
167557 477
167562 505
167794 41
167803 148
167885 251
167901 520
167933 92
167947 434
167966 409
167979 168
167986 307
168166 433
168229 230
168241 339
168258 74
168260 299
168261 110
168291 22
168304 392
168319 85
168329 346
168335 408
168406 236
168442 116
168452 469
168483 211
168508 279
168518 141
168654 258
168751 171
168790 519
168879 356
168887 222
168937 255
168944 23
168985 205
169033 420
169040 282
169051 403
169107 249
169149 157
169232 68
169302 53
169322 420
169357 164
169362 116
169376 9
169467 259
169490 326
169641 319
169684 329
169902 193
169924 84
170017 353
170121 348
170127 307
170257 10
170307 417
170312 59
170347 374
170369 375
170477 381
170529 438
170538 88
170561 102
170620 60
170688 406
170714 128
170821 202
170918 451
170919 30
170942 4
170945 81
171009 103
171021 205
171116 365
171120 443
171141 437
171185 334
171454 65
171524 408
171534 341
171565 379
171653 251
171657 423
171673 79
171752 408
171758 495
171863 505
171868 103
171885 23
171973 236
172059 161
172072 294
172185 146
172230 405
172232 485
172253 315
172293 162
172296 392
172300 216
172390 513
172398 28
172496 60
172498 164
172516 50
172524 428
172683 267
172686 284
172709 195
172719 115
172741 75
172781 11
172842 497
172846 278
172848 267
172870 16
172917 251
173032 425
173059 524
173064 450
173067 168
173110 38
173180 399
173217 146
173222 440
173249 290
173405 70
173439 402
173442 353
173455 70
173462 377
173469 459
173477 57
173522 361
173526 420
173557 102
173562 108
173574 499
173707 463
173717 49
173767 381
173808 367
173885 115
173909 492
173997 396
173999 35
174024 122
174135 348
174151 325
174168 234
174189 467
174229 281
174232 478
174258 30
174320 372
174326 265
174348 420
174356 150
174399 116
174493 218
174506 513
174592 274
174689 287
174768 279
174857 161
174974 410
175091 253
175173 450
175303 490
175344 352
175347 77
175351 463
175368 202
175458 5
175495 422
175517 471
175576 163
175597 363
175674 146
175683 394
175718 87
175748 280
175789 211
175808 320
175824 15
175836 218
175843 198
175856 277
175913 99
175943 193
176129 507
176141 404
176153 356
176177 67
176300 355
176383 284
176456 213
176458 257
176523 241
176527 72
176553 197
176585 351
176640 444
176648 269
176649 384
176733 12
176780 73
176842 507
176909 129
176912 406
177013 509
177027 401
177045 201
177056 92
177129 183
177144 174
177195 455
177440 248
177489 100
177654 390
177755 454
177812 322
177844 303
177912 421
177955 311
178006 332
178099 255
178112 387
178119 66
178122 258
178146 424
178163 240
178175 33
178216 137
178281 298
178286 300
178293 66
178298 397
178415 488
178436 283
178477 26
178500 69
178502 382
178582 121
178658 500
178709 163
178765 40
178823 16
178829 217
178842 499
178996 219
179025 83
179056 339
179152 258
179185 173
179186 115
179205 247
179222 228
179230 115
179273 24
179280 202
179297 486
179321 64
179444 318
179474 130
179506 271
179549 37
179593 108
179643 307
179690 150
179787 381
179815 154
179823 450
179874 204
179877 205
179899 127
179958 417
179965 125
180064 63
180137 238
180155 208
180290 16
180315 336
180325 95
180335 492
180360 71
180403 511
180425 449
180495 82
180506 474
180537 356
180543 169
180568 162
180600 203
180622 211
180694 419
180757 424
180827 138
180850 33
180873 350
181140 480
181204 346
181289 121
181317 373
181336 396
181373 492
181395 396
181406 473
181408 429
181421 257
181430 64
181443 6
181547 57
181559 195
181566 379
181567 91
181606 441
181677 270
181679 180
181689 240
181692 438
181711 275
181745 340
181766 338
181790 371
181795 356
181865 218
181911 397
181940 508
181945 368
181991 85
182073 166
182121 436
182123 23
182125 277
182130 464
182229 348
182254 297
182257 56
182319 125
182367 324
182409 204
182427 92
182444 261
182527 19
182569 393
182586 347
182609 95
182661 260
182671 135
182711 60
182718 155
182752 388
182770 361
182827 87
182930 242
182990 303
183065 80
183120 106
183161 330
183171 162
183189 311
183325 433
183384 366
183399 2
183520 501
183525 66
183536 368
183615 329
183634 416
183648 45
