#io generator
#numio=2330 maxtracks=751 lambda=9.400000
1 348
53 560
74 125
82 13
117 47
168 362
224 291
227 82
236 350
275 333
281 534
312 649
387 248
397 614
405 615
440 169
447 497
533 659
575 208
629 451
638 586
640 185
644 154
654 373
680 123
748 674
797 509
831 626
833 490
841 696
854 402
859 67
876 690
913 740
930 96
964 453
975 702
1014 549
1027 362
1081 282
1092 580
1093 107
1115 46
1121 195
1132 134
1159 682
1170 584
1182 360
1210 154
1225 163
1234 175
1275 533
1279 473
1293 452
1295 255
1387 371
1389 24
1413 540
1415 667
1508 350
1509 501
1520 343
1534 596
1600 108
1612 271
1621 478
1625 34
1664 611
1680 307
1742 622
1753 316
1821 44
1846 386
1917 481
2012 12
2020 267
2035 567
2038 309
2093 112
2133 196
2148 339
2162 399
2169 194
2195 139
2240 43
2262 595
2277 501
2291 746
2313 72
2401 475
2413 249
2415 121
2430 389
2431 475
2440 242
2443 590
2477 488
2478 19
2504 536
2509 392
2544 616
2553 188
2569 578
2575 77
2623 165
2654 203
2673 633
2686 26
2696 371
2722 522
2762 590
2777 440
2790 396
2812 82
2818 619
2842 11
2866 712
2873 100
2903 384
2909 439
2940 731
2986 215
3026 217
3035 134
3071 743
3120 452
3155 267
3160 161
3211 602
3220 95
3243 719
3246 204
3302 307
3314 470
3375 483
3380 492
3402 51
3470 326
3480 198
3502 107
3508 366
3540 22
3584 702
3590 547
3621 427
3667 273
3684 749
3708 326
3720 31
3721 248
3748 205
3850 227
3860 697
3891 525
3896 263
3940 334
3983 442
3998 513
4015 540
4027 196
4035 201
4058 612
4065 196
4071 506
4079 234
4189 439
4299 220
4361 689
4384 82
4395 353
4414 165
4415 23
4470 439
4503 236
4547 29
4567 354
4613 637
4644 80
4661 29
4674 396
4691 242
4755 327
4765 420
4783 551
4785 716
4787 100
4833 506
4884 129
4901 694
4934 746
4970 453
5001 666
5004 576
5012 491
5050 234
5054 90
5060 457
5075 603
5079 156
5121 194
5125 693
5136 15
5157 208
5162 89
5167 711
5169 737
5188 632
5236 510
5258 132
5267 306
5283 381
5301 550
5303 2
5321 205
5326 279
5344 281
5352 694
5364 671
5369 441
5381 401
5384 290
5386 727
5393 576
5413 325
5415 740
5475 457
5492 491
5522 389
5527 750
5558 423
5576 78
5622 342
5638 565
5663 65
5697 46
5720 670
5734 532
5781 530
5796 329
5799 434
5812 45
5816 706
5846 685
5860 681
5918 141
5933 332
5941 247
5995 594
5997 418
6047 637
6070 376
6102 51
6107 451
6142 515
6200 198
6214 731
6228 304
6255 274
6302 448
6309 39
6310 541
6320 298
6343 103
6358 133
6367 598
6384 51
6432 545
6458 481
6470 532
6489 509
6493 397
6496 435
6501 371
6515 612
6550 373
6601 370
6645 211
6647 736
6681 218
6814 66
6816 385
6820 716
6826 621
6847 490
6865 113
6874 533
6901 346
6909 676
6983 552
7013 547
7019 450
7025 57
7075 251
7076 482
7099 39
7130 536
7149 667
7175 605
7205 198
7219 188
7231 594
7309 72
7315 190
7455 156
7565 535
7631 168
7640 119
7648 146
7664 268
7707 91
7719 426
7762 733
7776 378
7812 128
7847 182
7860 138
7871 211
7879 479
7886 371
7909 745
7922 640
7930 444
7933 375
7935 383
7944 156
8004 678
8005 674
8015 412
8042 398
8051 693
8124 377
8199 253
8235 182
8325 47
8357 454
8358 128
8372 271
8406 459
8453 638
8456 148
8457 32
8459 78
8526 346
8551 467
8666 729
8684 709
8699 377
8706 193
8738 195
8747 364
8795 282
8820 243
8851 315
8916 448
8923 43
8960 247
8962 673
8975 31
8985 65
9011 263
9012 157
9020 399
9049 435
9086 345
9129 83
9198 530
9213 452
9219 16
9300 616
9308 18
9330 467
9333 385
9334 125
9383 108
9425 167
9430 31
9447 552
9480 74
9497 161
9564 478
9568 485
9571 572
9598 259
9634 483
9638 57
9664 587
9692 596
9700 566
9778 126
9832 596
9843 76
9886 685
9929 443
9939 604
10011 0
10091 449
10094 546
10101 352
10118 690
10142 441
10163 315
10171 287
10201 31
10211 664
10278 103
10285 32
10371 142
10421 423
10426 183
10437 115
10443 251
10476 277
10477 21
10520 431
10590 357
10594 402
10648 336
10707 459
10723 196
10739 323
10751 581
10766 280
10845 266
10911 124
10932 230
10941 633
10965 54
10970 528
10972 38
10979 36
10996 330
11017 317
11069 377
11080 573
11098 608
11102 229
11109 404
11116 478
11131 327
11137 587
11170 60
11183 622
11191 95
11254 258
11266 735
11315 635
11334 221
11365 48
11374 85
11416 647
11477 746
11481 155
11499 328
11543 5
11592 60
11629 473
11633 160
11647 340
11657 293
11695 561
11706 503
11727 700
11807 245
11953 222
11966 621
11970 273
12011 245
12031 264
12065 311
12075 479
12091 112
12098 491
12108 547
12110 530
12113 680
12127 367
12147 34
12160 407
12171 315
12214 611
12220 749
12224 51
12233 562
12246 66
12250 586
12281 494
12345 747
12353 221
12383 315
12427 244
12441 251
12496 375
12529 334
12578 132
12585 515
12598 211
12645 368
12667 460
12725 520
12760 315
12773 468
12785 561
12845 105
12849 691
12950 370
12961 240
12973 656
12974 631
13006 189
13009 325
13035 305
13043 125
13101 58
13130 517
13165 93
13168 296
13186 654
13194 510
13200 500
13218 456
13320 697
13335 47
13370 171
13379 672
13404 744
13412 720
13416 234
13465 176
13484 4
13487 514
13499 511
13518 536
13528 446
13598 20
13601 416
13602 27
13603 620
13610 294
13640 695
13651 16
13703 405
13712 569
13747 264
13756 586
13772 3
13776 130
13795 672
13813 116
13857 422
13864 298
13884 254
13897 489
13901 525
13902 665
13925 320
13982 384
14063 182
14070 557
14091 443
14108 65
14129 529
14136 115
14157 597
14165 332
14175 444
14219 701
14283 207
14304 72
14392 473
14489 451
14490 669
14492 17
14495 289
14529 547
14617 217
14657 427
14779 58
14809 446
14858 24
14864 468
14914 124
14933 116
14966 489
14969 287
14993 550
15006 395
15050 347
15075 173
15081 292
15086 388
15091 582
15108 212
15124 80
15128 398
15131 292
15135 18
15154 533
15158 230
15168 233
15195 749
15196 96
15213 668
15234 138
15237 616
15257 246
15266 585
15268 638
15269 451
15344 165
15347 77
15369 215
15372 123
15518 230
15533 270
15556 120
15566 496
15574 663
15593 661
15594 504
15622 482
15789 30
15802 76
15855 365
15884 637
15913 627
15985 237
15988 59
16003 90
16014 714
16029 3
16031 631
16057 301
16087 161
16094 595
16146 738
16159 664
16205 741
16263 257
16291 572
16292 396
16322 275
16347 596
16392 579
16396 600
16403 138
16461 71
16506 234
16546 47
16567 458
16638 433
16639 627
16660 678
16701 385
16707 386
16714 223
16715 744
16741 521
16777 384
16792 724
16800 540
16803 167
16843 749
16861 475
16862 97
16868 9
16897 217
16942 230
16947 503
16988 330
16992 72
17023 171
17025 301
17086 656
17144 291
17187 168
17189 741
17203 692
17305 738
17324 36
17326 600
17327 615
17329 681
17332 212
17352 710
17382 574
17383 345
17502 99
17549 687
17584 228
17628 749
17640 624
17654 251
17694 322
17746 650
17764 518
17826 271
17862 626
17878 47
17890 325
17926 132
17941 184
17945 457
17947 64
17969 661
17980 344
18030 602
18038 244
18041 82
18074 21
18162 223
18192 677
18217 374
18248 110
18267 111
18287 261
18296 43
18317 372
18343 525
18363 211
18383 730
18415 345
18450 22
18486 685
18489 405
18556 86
18599 495
18615 119
18648 482
18678 677
18684 51
18690 210
18715 543
18785 271
18793 171
18861 209
18943 301
18944 749
18948 726
18951 545
19008 190
19027 427
19034 44
19065 18
19093 336
19155 694
19172 116
19177 134
19227 114
19245 139
19256 363
19270 261
19321 389
19331 54
19346 363
19384 296
19415 272
19493 5
19506 518
19509 104
19585 37
19610 86
19617 627
19740 306
19751 135
19788 646
19812 102
19844 123
19859 614
19884 725
19907 33
19936 736
19965 302
19993 557
20010 628
20038 433
20054 613
20096 247
20135 181
20164 744
20184 478
20188 234
20226 486
20229 338
20251 562
20267 237
20298 376
20301 149
20336 496
20351 179
20369 216
20370 645
20372 234
20391 68
20401 99
20432 380
20446 396
20450 432
20541 576
20550 355
20552 40
20639 84
20643 130
20694 636
20699 266
20701 554
20725 118
20746 557
20761 123
20803 610
20811 421
20820 557
20822 356
20831 51
20837 483
20855 245
20883 387
20896 664
20923 241
20954 674
20981 614
21005 239
21093 176
21094 334
21106 672
21113 523
21127 433
21140 410
21141 568
21163 221
21175 117
21198 73
21224 46
21320 270
21331 536
21338 45
21356 672
21367 381
21370 331
21443 397
21452 158
21458 596
21495 499
21505 631
21518 718
21521 617
21523 569
21583 588
21623 677
21626 152
21648 301
21655 111
21663 483
21688 320
21690 457
21765 317
21806 137
21811 458
21856 420
21870 202
21887 440
21889 472
21899 9
21911 123
21969 417
21979 399
22055 474
22082 191
22089 252
22116 270
22185 480
22221 576
22262 1
22273 503
22292 622
22359 58
22371 24
22400 571
22401 89
22463 721
22489 220
22505 475
22566 129
22618 149
22635 429
22654 342
22659 257
22665 25
22675 451
22704 680
22717 484
22815 635
22842 518
22864 543
22903 400
22930 363
22971 131
22973 564
22983 5
23054 643
23074 382
23082 593
23127 402
23168 148
23171 397
23173 425
23177 65
23189 640
23224 15
23244 439
23263 195
23264 285
23277 139
23280 588
23285 61
23309 579
23330 716
23349 333
23365 290
23389 469
23448 559
23453 68
23495 453
23564 456
23587 391
23592 133
23628 196
23647 164
23661 516
23685 577
23709 310
23719 449
23807 604
23809 271
23823 535
23830 143
23886 277
23903 236
23926 99
23969 617
23977 465
23979 651
24022 398
24041 632
24045 244
24060 439
24087 63
24106 368
24110 692
24176 664
24181 96
24218 428
24221 223
24272 585
24285 542
24307 556
24317 514
24339 135
24344 123
24355 367
24371 731
24375 444
24393 500
24427 342
24449 486
24474 550
24487 171
24538 552
24540 498
24544 628
24551 681
24555 714
24572 269
24576 511
24587 418
24591 668
24609 259
24624 48
24630 391
24652 671
24656 261
24665 305
24671 50
24688 672
24694 267
24698 106
24716 83
24741 671
24748 254
24755 628
24771 124
24781 640
24806 325
24853 671
24926 361
24963 99
25005 90
25023 45
25027 43
25101 316
25113 87
25132 713
25138 166
25182 381
25201 91
25211 51
25219 535
25280 702
25283 591
25325 75
25332 464
25338 73
25370 578
25374 695
25416 86
25426 183
25432 684
25437 345
25440 29
25523 521
25527 236
25561 336
25588 288
25592 355
25597 205
25629 625
25645 629
25665 208
25805 374
25807 84
25851 262
25861 569
25879 604
25932 438
25967 440
25999 66
26009 145
26011 26
26031 218
26047 595
26066 186
26089 53
26091 148
26101 63
26129 341
26134 406
26173 224
26183 259
26188 700
26191 583
26218 156
26221 653
26230 121
26244 461
26270 180
26274 689
26322 188
26323 450
26325 569
26326 215
26334 644
26376 449
26381 130
26418 105
26426 425
26466 376
26494 517
26535 642
26538 330
26555 284
26578 332
26584 654
26598 231
26613 404
26614 393
26655 274
26666 490
26746 443
26787 566
26818 90
26827 413
26850 11
26856 335
26905 282
26957 297
26990 381
27033 750
27044 215
27052 637
27093 281
27104 488
27136 567
27144 529
27154 98
27168 59
27174 587
27197 654
27235 651
27244 502
27250 154
27251 750
27280 678
27478 68
27483 231
27550 11
27577 235
27603 316
27604 728
27607 313
27609 440
27625 264
27636 93
27642 125
27758 407
27801 178
27834 675
27840 347
27878 177
27897 745
27915 371
27921 607
27947 487
27997 484
28032 222
28064 272
28101 73
28132 688
28141 674
28198 649
28229 110
28251 476
28262 57
28275 466
28298 323
28302 94
28315 294
28380 85
28420 569
28460 82
28476 134
28531 452
28588 615
28649 607
28680 593
28698 657
28710 133
28717 361
28739 660
28741 34
28742 179
28757 328
28761 449
28776 741
28786 220
28788 646
28803 750
28817 287
28857 292
28862 411
28866 552
28879 438
28937 512
28938 397
28957 134
28977 456
28989 45
28990 443
29015 393
29035 11
29075 507
29125 217
29151 256
29177 371
29208 650
29209 683
29231 349
29247 387
29250 421
29251 533
29283 466
29292 117
29319 273
29351 255
29403 244
29413 529
29419 747
29445 432
29471 127
29479 401
29484 162
29487 508
29516 490
29557 204
29585 401
29594 640
29598 0
29603 687
29612 77
29618 524
29657 181
29721 603
29780 380
29795 65
29835 5
29843 22
29846 732
29878 598
29916 9
29932 250
29972 139
29977 612
29989 80
29993 380
30003 642
30012 442
30048 89
30064 220
30085 445
30087 449
30140 102
30172 650
30222 404
30248 668
30403 685
30448 138
30450 498
30471 158
30512 70
30531 507
30543 111
30557 396
30582 568
30585 185
30632 538
30635 0
30649 3
30699 748
30725 576
30751 510
30801 640
30837 407
30850 748
30860 400
30879 30
30947 528
30963 352
30973 194
30994 454
30997 228
31029 92
31063 561
31097 313
31131 593
31133 336
31159 704
31165 158
31176 172
31196 684
31232 461
31277 366
31279 242
31323 283
31380 338
31396 161
31401 467
31492 707
31515 553
31525 293
31542 333
31585 146
31596 54
31608 570
31616 736
31642 64
31663 393
31683 535
31727 316
31729 568
31778 442
31864 49
31869 713
31912 516
31922 170
31927 608
31928 307
31933 104
31973 714
31986 597
32009 395
32020 110
32022 78
32142 392
32147 564
32159 588
32189 345
32323 506
32338 625
32348 627
32349 432
32373 95
32474 629
32481 601
32518 530
32539 310
32545 741
32564 250
32566 415
32612 214
32620 188
32621 21
32650 49
32679 135
32733 48
32809 481
32834 64
32857 376
32867 321
32875 44
32904 218
32911 469
32913 615
32928 293
32931 550
32945 114
32959 394
33005 469
33018 691
33042 287
33061 227
33076 142
33114 617
33137 71
33187 483
33225 129
33250 49
33288 571
33339 209
33342 6
33364 120
33378 102
33380 420
33446 542
33514 375
33526 518
33568 175
33576 693
33578 714
33608 214
33630 592
33632 276
33658 272
33675 511
33686 97
33730 624
33737 645
33795 620
33833 477
33868 223
33893 135
33998 367
34010 222
34022 395
34028 102
34068 642
34129 672
34135 449
34142 559
34149 475
34198 91
34212 106
34307 284
34388 584
34419 57
34445 687
34446 123
34455 271
34475 643
34497 535
34523 349
34547 424
34575 177
34616 326
34633 342
34641 479
34701 338
34724 225
34736 299
34745 115
34760 744
34761 405
34765 299
34820 550
34827 384
34841 694
34931 63
34947 501
34956 235
34958 628
34993 309
35008 519
35055 71
35168 210
35184 230
35197 728
35205 378
35222 340
35277 309
35281 119
35342 474
35344 676
35374 431
35394 27
35446 502
35495 493
35497 261
35507 708
35521 255
35527 704
35551 495
35608 708
35612 314
35624 50
35666 437
35672 565
35677 232
35702 698
35753 165
35834 579
35886 631
35899 730
35904 583
35963 475
35965 105
35985 573
36023 359
36052 723
36106 78
36137 515
36144 360
36199 425
36202 624
36216 266
36254 166
36260 480
36285 163
36327 321
36330 346
36348 206
36356 56
36373 12
36385 91
36386 102
36425 244
36447 533
36500 564
36518 256
36520 255
36539 264
36631 161
36651 606
36675 528
36682 141
36774 227
36790 41
36830 386
36832 168
36856 122
36866 334
36882 734
36886 286
36917 523
36947 626
36955 139
36971 567
37012 108
37026 70
37035 329
37047 622
37063 158
37073 441
37086 735
37119 597
37132 179
37167 435
37190 376
37197 257
37206 235
37229 392
37238 98
37245 115
37252 554
37258 456
37262 483
37275 503
37321 585
37328 216
37362 6
37364 139
37370 643
37404 652
37414 31
37419 521
37429 632
37434 514
37520 372
37563 186
37569 64
37615 309
37646 219
37648 437
37649 256
37698 625
37708 717
37729 609
37765 350
37769 619
37796 648
37800 390
37802 649
37818 433
37847 557
37886 592
37907 167
37924 668
37932 75
38010 485
38095 597
38230 695
38270 446
38302 448
38303 681
38316 554
38351 452
38358 639
38373 564
38386 127
38402 180
38478 68
38492 357
38587 577
38607 708
38619 412
38651 310
38666 415
38671 112
38672 90
38692 605
38745 131
38746 558
38770 613
38774 610
38782 309
38817 301
38866 186
38877 484
38918 245
38919 280
38920 356
38965 464
38980 47
39015 413
39019 256
39029 55
39046 316
39086 119
39092 742
39177 411
39189 558
39260 207
39374 249
39434 613
39459 738
39464 543
39478 30
39488 705
39490 84
39506 214
39520 635
39530 729
39537 133
39540 380
39544 77
39545 426
39589 2
39633 629
39642 575
39667 746
39700 635
39730 155
39782 45
39785 742
39789 478
39796 472
39811 476
39832 564
39872 549
39879 735
39921 234
39939 511
39948 294
39965 489
39969 131
39993 681
40003 86
40060 318
40067 673
40088 674
40092 170
40103 605
40145 101
40168 419
40179 450
40190 530
40193 54
40211 445
40237 524
40271 239
40293 592
40320 541
40348 80
40445 446
40474 662
40508 700
40515 430
40549 299
40554 238
40591 594
40620 373
40686 588
40703 359
40714 145
40718 108
40735 588
40799 147
40815 473
40823 365
40829 6
40840 743
40907 475
40926 526
40959 14
41000 411
41031 241
41046 385
41090 724
41142 26
41145 25
41164 694
41246 559
41259 449
41260 688
41301 42
41309 610
41450 689
41461 524
41532 99
41562 580
41589 336
41591 125
41669 703
41672 639
41757 204
41808 390
41813 641
41820 470
41834 234
41852 206
41862 621
41864 274
41896 349
41897 522
41918 587
41933 209
41939 422
41953 144
41969 432
41970 353
42015 698
42128 35
42164 192
42190 176
42210 162
42227 702
42228 449
42236 593
42237 274
42252 497
42255 716
42322 284
42339 289
42359 12
42437 461
42452 609
42470 359
42516 247
42547 399
42566 227
42598 56
42604 595
42630 405
42650 553
42706 51
42718 40
42727 324
42745 545
42764 517
42786 31
42802 122
42819 268
42835 192
42887 42
42906 479
42909 599
42922 604
42931 9
42949 182
42951 707
42959 77
42966 547
42990 5
43021 147
43049 261
43055 147
43072 570
43091 1
43105 43
43125 61
43130 280
43147 746
43176 395
43194 717
43216 358
43222 533
43256 736
43266 575
43295 412
43309 45
43346 495
43366 411
43371 430
43390 494
43413 104
43445 616
43462 190
43502 168
43538 263
43542 291
43584 323
43586 440
43598 338
43608 92
43807 613
43811 591
43826 566
43835 518
43844 676
43854 721
43856 586
43875 258
43896 583
43899 710
43974 385
44009 291
44031 270
44069 47
44098 693
44099 397
44101 638
44148 139
44176 142
44178 33
44181 95
44184 699
44211 360
44228 343
44250 354
44262 88
44268 602
44299 454
44321 595
44330 393
44376 636
44399 529
44444 370
44497 412
44524 734
44545 625
44547 547
44581 589
44586 218
44592 611
44626 492
44690 6
44704 497
44726 44
44740 700
44760 232
44796 161
44820 531
44876 136
44887 663
44922 167
45027 379
45131 580
45161 208
45179 31
45205 346
45206 97
45209 499
45214 434
45235 580
45287 284
45392 677
45420 606
45425 64
45453 729
45461 509
45476 223
45490 144
45510 349
45540 463
45543 137
45569 200
45577 250
45591 664
45655 171
45690 233
45695 506
45704 685
45719 389
45876 130
45892 231
45937 726
45959 227
45963 136
45998 660
46036 680
46037 350
46041 277
46079 471
46086 550
46132 21
46133 54
46162 277
46261 139
46313 738
46323 284
46331 158
46341 674
46358 378
46359 212
46370 660
46375 336
46385 271
46425 110
46533 54
46583 634
46585 694
46644 604
46652 677
46766 136
46817 263
46836 132
46855 680
46856 57
46868 116
46878 596
46897 181
46908 684
46909 395
46964 99
46976 560
46982 249
47008 29
47031 424
47070 338
47081 277
47104 709
47111 527
47138 643
47149 359
47201 699
47231 202
47275 585
47312 558
47370 151
47386 109
47404 114
47408 119
47438 163
47520 126
47541 252
47579 409
47601 373
47621 222
47631 712
47666 183
47716 372
47733 543
47740 231
47755 141
47772 718
47781 32
47783 390
47788 621
47820 128
47956 253
47972 595
48023 89
48031 337
48043 484
48055 142
48107 210
48134 302
48211 533
48226 112
48231 322
48246 199
48264 3
48279 275
48311 480
48321 59
48324 117
48402 200
48416 309
48443 68
48482 655
48576 68
48595 287
48597 390
48599 425
48625 236
48753 115
48773 401
48777 36
48832 675
48859 198
48951 627
48964 706
48966 651
48976 589
49052 122
49077 705
49084 161
49093 262
49124 312
49183 304
49214 684
49233 233
49247 537
49257 260
49279 35
49301 446
49352 23
49370 740
49424 667
49459 644
49460 320
49498 230
49522 89
49547 283
49565 429
49601 199
49616 256
49636 698
49637 702
49644 505
49740 666
49747 649
49807 603
49852 614
49880 466
49906 559
49907 354
49908 518
49929 531
49930 95
49937 639
49948 574
49953 727
49981 188
50036 729
50097 664
50143 144
50176 584
50311 451
50332 517
50337 204
50350 202
50382 364
50458 252
50463 20
50477 355
50527 642
50533 54
50574 700
50583 545
50639 186
50661 573
50674 271
50692 329
50771 104
50774 138
50786 421
50800 117
50801 310
50817 179
50830 717
50859 240
50898 714
50909 476
50960 537
50970 593
51050 730
51069 305
51078 72
51122 223
51128 729
51143 486
51161 703
51199 434
51209 222
51249 594
51255 399
51257 47
51272 377
51300 276
51305 42
51309 138
51338 443
51348 608
51361 496
51362 305
51365 520
51431 60
51447 388
51460 595
51469 166
51470 650
51479 80
51489 627
51528 539
51529 646
51579 179
51631 443
51673 191
51685 199
51744 334
51770 45
51773 458
51776 477
51779 428
51792 347
51829 355
51838 94
51858 510
51935 289
51947 12
51953 206
51960 103
52007 64
52018 198
52028 231
52057 17
52067 638
52091 381
52106 571
52107 687
52113 655
52124 415
52272 729
52278 720
52288 473
52377 452
52433 174
52465 578
52474 99
52500 330
52532 520
52571 448
52580 237
52582 65
52594 750
52602 201
52613 649
52620 270
52622 169
52652 546
52657 239
52680 326
52681 302
52714 143
52727 318
52750 139
52753 330
52789 333
52822 649
52840 113
52887 632
52900 189
52929 515
52951 603
53009 247
53027 86
53052 123
53071 531
53091 228
53145 5
53176 398
53181 635
53265 731
53273 545
53316 617
53366 528
53392 223
53466 279
53565 427
53569 673
53623 531
53641 655
53660 190
53673 650
53676 336
53697 513
53721 331
53746 460
53777 285
53791 416
53798 117
53803 417
53805 444
53823 511
53857 328
53877 357
53891 93
53901 8
53912 592
53962 398
53968 354
53973 658
54031 651
54047 484
54053 707
54058 380
54060 313
54061 157
54083 669
54118 29
54133 189
54149 445
54171 375
54255 293
54266 376
54289 638
54319 378
54353 438
54473 307
54515 703
54537 254
54549 183
54552 609
54553 454
54554 398
54559 500
54563 42
54575 504
54602 195
54613 140
54697 136
54710 603
54712 30
54715 114
54716 407
54728 76
54746 399
54804 440
54807 735
54809 252
54833 111
54849 527
54868 132
54879 614
54898 431
54942 401
54975 207
54984 655
54993 360
55004 17
55017 365
55037 716
55049 115
55051 284
55058 320
55070 700
55100 732
55102 84
55139 504
55166 478
55171 331
55229 409
55238 172
55247 461
55248 570
55250 462
55279 375
55314 604
55364 29
55370 678
55384 123
55407 326
55414 556
55420 709
55433 649
55436 652
55471 522
55475 5
55505 391
55528 578
55535 542
55546 746
55552 117
55590 76
55595 22
55620 145
55644 66
55659 281
55668 308
55706 136
55725 504
55801 194
55847 725
55941 282
55962 564
55987 232
55990 488
56008 220
56022 476
56038 359
56062 107
56088 204
56094 104
56118 412
56137 337
56168 84
56171 517
56182 732
56207 264
56217 183
56219 5
56238 180
56263 64
56281 80
56311 17
56332 269
56336 194
56359 300
56371 208
56442 712
56473 509
56474 636
56484 325
56525 17
56561 131
56568 667
56572 616
56575 632
56632 498
56702 471
56729 401
56832 642
56869 463
56876 143
56929 152
56932 466
56983 152
56998 188
57022 220
57029 316
57044 406
57052 490
57062 329
57078 203
57080 332
57134 592
57224 665
57248 578
57264 675
57342 298
57344 76
57444 228
57460 176
57527 587
57544 271
57550 38
57576 679
57588 82
57600 514
57605 633
57626 0
57667 352
57691 443
57777 409
57796 278
57820 491
57831 474
57907 659
57955 675
57980 283
57987 686
58000 700
58040 633
58041 164
58059 190
58060 85
58067 662
58087 676
58102 417
58116 18
58178 69
58205 237
58235 480
58240 445
58258 643
58342 601
58377 300
58408 442
58414 583
58453 580
58501 666
58509 565
58524 139
